16992.776 -0.0024 -0.0115 -0.0100 -0.0001 0.0037 -0.0049
16992.812 -0.0059 -0.0024 -0.0161 0.0040 0.0031 -0.0151
16992.85 0.0005 -0.0002 -0.0212 -0.0109 -0.0090 -0.0161
16992.9 0.0039 -0.0068 0.0098 -0.0248 -0.0019 -0.0101
16992.951 -0.0151 -0.0046 0.0095 -0.0283 0.0018 -0.0136
16993.002 -0.0273 -0.0044 0.0093 -0.0361 0.0055 -0.0156
16993.053 -0.0239 -0.0042 -0.0085 -0.0305 0.0077 -0.0224
16993.102 -0.0205 -0.0117 -0.0059 -0.0258 0.0100 -0.0316
16993.152 -0.0269 -0.0105 -0.0110 -0.0231 0.0046 -0.0360
16993.203 -0.0088 -0.0034 -0.0054 -0.0237 0.0031 -0.0476
16993.252 -0.0034 -0.0042 -0.0183 -0.0233 0.0034 -0.0449
16993.302 0.0059 -0.0049 -0.0215 -0.0192 -0.0015 -0.0531
16993.353 0.0151 -0.0125 0.0095 -0.0298 0.0008 -0.0518
16993.404 0.0176 -0.0103 -0.0034 -0.0290 0.0040 -0.0510
16993.455 0.0308 -0.0129 0.0139 -0.0310 -0.0047 -0.0483
16993.505 0.0293 -0.0137 0.0176 -0.0426 -0.0101 -0.0441
16993.557 0.0337 -0.0222 0.0359 -0.0461 0.0003 -0.0457
16993.606 0.0391 -0.0366 0.0317 -0.0500 0.0002 -0.0559
16993.651 0.0493 -0.0413 0.0422 -0.0449 0.0043 -0.0579
16993.702 0.0352 -0.0410 0.0391 -0.0445 0.0018 -0.0619
16993.773 0.0366 -0.0486 0.0466 -0.0485 -0.0031 -0.0706
16993.797 0.0342 -0.0415 0.0444 -0.0395 -0.0022 -0.0850
16993.857 0.0298 -0.0422 0.0715 -0.0406 -0.0081 -0.0728
16993.91 0.0313 -0.0635 0.0752 -0.0403 -0.0082 -0.0815
16993.959 0.0288 -0.0671 0.0935 -0.0404 0.0017 -0.0845
16994.01 0.0420 -0.0601 0.0913 -0.0401 0.0011 -0.0903
16994.049 0.0425 -0.0598 0.1038 -0.0411 0.0010 -0.0905
16994.113 0.0498 -0.0420 0.1035 -0.0446 0.0008 -0.0877
16994.159 0.0571 -0.0457 0.0984 -0.0481 0.0007 -0.0946
16994.212 0.0645 -0.0308 0.0903 -0.0410 0.0044 -0.0980
16994.261 0.0620 -0.0383 0.1174 -0.0412 0.0100 -0.0948
16994.303 0.0703 -0.0215 0.1211 -0.0413 0.0056 -0.0931
16994.354 0.0620 -0.0339 0.1296 -0.0390 0.0140 -0.0846
16994.407 0.0625 -0.0386 0.1235 -0.0377 0.0206 -0.0838
16994.456 0.0581 -0.0295 0.1477 -0.0402 0.0252 -0.0777
16994.507 0.0547 -0.0273 0.1240 -0.0461 0.0204 -0.0807
16994.559 0.0718 -0.0359 0.1335 -0.0567 0.0126 -0.0828
16994.61 0.0479 -0.0415 0.1372 -0.0483 0.0110 -0.0834
16994.662 0.0483 -0.0422 0.1604 -0.0508 0.0071 -0.0821
16994.707 0.0518 -0.0400 0.1494 -0.0437 0.0094 -0.0860
16994.758 0.0552 -0.0300 0.1580 -0.0558 0.0083 -0.0800
16994.811 0.0596 -0.0366 0.1558 -0.0483 0.0077 -0.0820
16994.862 0.0649 -0.0354 0.1653 -0.0503 0.0195 -0.0855
16994.912 0.0508 -0.0322 0.1514 -0.0567 0.0279 -0.0975
16994.962 0.0503 -0.0378 0.1550 -0.0639 0.0240 -0.0986
16995.013 0.0518 -0.0386 0.1372 -0.0688 0.0239 -0.0954
16995.062 0.0503 -0.0393 0.1321 -0.0623 0.0204 -0.0908
16995.114 0.0469 -0.0342 0.1289 -0.0529 0.0260 -0.0914
16995.162 0.0435 -0.0310 0.1482 -0.0563 0.0216 -0.0887
16995.216 0.0420 -0.0425 0.1353 -0.0527 0.0196 -0.0912
16995.263 0.0278 -0.0383 0.1418 -0.0480 0.0109 -0.0818
16995.313 0.0254 -0.0264 0.1416 -0.0467 0.0074 -0.0810
16995.366 0.0278 -0.0125 0.1550 -0.0478 0.0030 -0.0816
16995.417 0.0205 -0.0054 0.1479 -0.0555 -0.0124 -0.0870
16995.458 0.0151 0.0037 0.1770 -0.0557 -0.0216 -0.0890
16995.523 0.0029 -0.0029 0.1729 -0.0634 -0.0150 -0.0887
16995.57 -0.0122 -0.0115 0.2039 -0.0750 -0.0123 -0.0783
16995.616 -0.0156 -0.0200 0.1919 -0.0642 -0.0081 -0.0904
16995.665 -0.0249 -0.0159 0.2014 -0.0719 -0.0083 -0.0876
16995.716 -0.0117 -0.0146 0.1719 -0.0692 -0.0008 -0.0859
16995.768 -0.0103 -0.0154 0.1726 -0.0655 0.0101 -0.0951
16995.839 -0.0195 -0.0093 0.1851 -0.0590 0.0057 -0.0938
16995.861 -0.0220 0.0007 0.2122 -0.0557 0.0060 -0.0963
16995.92 -0.0322 0.0020 0.2148 -0.0544 0.0112 -0.1026
16995.962 -0.0239 0.0002 0.2253 -0.0527 0.0125 -0.1013
16996.022 -0.0225 -0.0054 0.2261 -0.0528 0.0085 -0.1048
16996.065 -0.0200 -0.0120 0.2346 -0.0582 0.0060 -0.1021
16996.132 -0.0176 -0.0059 0.2412 -0.0569 0.0121 -0.1012
16996.174 -0.0132 0.0090 0.2068 -0.0465 0.0167 -0.1104
16996.218 -0.0195 0.0132 0.2300 -0.0375 0.0233 -0.1087
16996.268 -0.0151 0.0173 0.2571 -0.0424 0.0198 -0.1012
16996.319 -0.0195 0.0283 0.2080 -0.0407 0.0245 -0.1180
16996.368 -0.0142 0.0129 0.2810 -0.0551 0.0210 -0.1153
16996.421 -0.0244 0.0112 0.2456 -0.0576 0.0214 -0.1230
16996.472 -0.0239 0.0105 0.2571 -0.0473 0.0193 -0.1208
16996.525 -0.0234 0.0068 0.2676 -0.0574 0.0288 -0.1171
16996.574 -0.0229 -0.0027 0.2585 -0.0599 0.0301 -0.1215
16996.615 -0.0283 0.0034 0.2681 -0.0543 0.0376 -0.1212
16996.677 -0.0288 0.0095 0.2639 -0.0544 0.0394 -0.1213
16996.721 -0.0137 0.0137 0.2803 -0.0407 0.0330 -0.1239
16996.774 -0.0132 0.0188 0.2898 -0.0390 0.0310 -0.1168
16996.832 -0.0117 0.0308 0.2925 -0.0462 0.0275 -0.1122
16996.868 -0.0151 0.0369 0.2786 -0.0511 0.0279 -0.1114
16996.927 -0.0186 0.0439 0.2813 -0.0498 0.0235 -0.1148
16996.981 -0.0034 0.0334 0.2791 -0.0652 0.0200 -0.1035
16997.024 0.0020 0.0474 0.2329 -0.0615 0.0275 -0.1175
16997.075 0.0063 0.0398 0.2717 -0.0593 0.0312 -0.1043
16997.126 0.0088 0.0352 0.2637 -0.0642 0.0397 -0.1011
16997.177 0.0054 0.0334 0.2800 -0.0571 0.0310 -0.1055
16997.228 0.0020 0.0200 0.3013 -0.0539 0.0351 -0.1018
16997.271 0.0190 0.0144 0.3069 -0.0431 0.0259 -0.1053
16997.337 0.0156 0.0068 0.3438 -0.0518 0.0349 -0.1107
16997.374 0.0073 0.0051 0.3660 -0.0438 0.0376 -0.1089
16997.425 -0.0029 -0.0034 0.3706 -0.0468 0.0365 -0.1005
16997.476 0.0112 -0.0042 0.3704 -0.0426 0.0240 -0.1068
16997.548 0.0117 -0.0039 0.3857 -0.0370 0.0215 -0.0921
16997.571 0.0161 -0.0095 0.4255 -0.0491 0.0247 -0.1056
16997.637 0.0254 -0.0200 0.4487 -0.0540 0.0227 -0.1129
16997.674 0.0298 -0.0208 0.4192 -0.0541 0.0102 -0.1107
16997.739 0.0176 -0.0420 0.4434 -0.0628 0.0053 -0.1098
16997.784 0.0190 -0.0369 0.4216 -0.0668 0.0090 -0.1100
16997.827 0.0234 -0.0259 0.4077 -0.0760 0.0065 -0.1135
16997.879 0.0259 -0.0374 0.3958 -0.0828 0.0073 -0.1117
16997.93 0.0313 -0.0264 0.4189 -0.0624 0.0081 -0.1242
16997.982 0.0396 -0.0369 0.4343 -0.0473 0.0123 -0.1291
16998.035 0.0488 -0.0444 0.4360 -0.0569 0.0093 -0.1445
16998.077 0.0386 -0.0461 0.4231 -0.0532 0.0139 -0.1442
16998.13 0.0439 -0.0439 0.4102 -0.0443 0.0138 -0.1558
16998.179 0.0493 -0.0476 0.3933 -0.0449 0.0223 -0.1588
16998.23 0.0645 -0.0493 0.3833 -0.0336 0.0193 -0.1556
16998.281 0.0552 -0.0461 0.3450 -0.0299 0.0263 -0.1581
16998.332 0.0547 -0.0479 0.3516 -0.0453 0.0210 -0.1601
16998.385 0.0747 -0.0486 0.3572 -0.0421 0.0204 -0.1569
16998.436 0.0908 -0.0571 0.3579 -0.0336 0.0183 -0.1680
16998.482 0.0854 -0.0549 0.3381 -0.0261 0.0139 -0.1648
16998.532 0.0830 -0.0625 0.3203 -0.0229 0.0014 -0.1712
16998.581 0.0933 -0.0505 0.2917 -0.0307 0.0008 -0.1746
16998.635 0.0859 -0.0562 0.2593 -0.0232 0.0011 -0.1714
16998.683 0.0884 -0.0510 0.2522 -0.0276 -0.0009 -0.1868
16998.735 0.0967 -0.0430 0.2451 -0.0306 0.0104 -0.1908
16998.785 0.0991 -0.0349 0.2224 -0.0297 0.0156 -0.1919
16998.838 0.0947 -0.0366 0.2134 -0.0280 0.0159 -0.1987
16998.881 0.0962 -0.0442 0.2014 -0.0314 0.0043 -0.2060
16998.946 0.0947 -0.0566 0.1777 -0.0344 -0.0039 -0.2085
16998.99 0.0923 -0.0544 0.1619 -0.0231 -0.0031 -0.2134
16999.034 0.0879 -0.0493 0.1489 -0.0232 -0.0042 -0.2155
16999.088 0.0874 -0.0559 0.1448 -0.0143 -0.0286 -0.2232
16999.137 0.0723 -0.0576 0.1357 -0.0278 -0.0249 -0.2186
16999.188 0.0679 -0.0544 0.1316 -0.0226 -0.0255 -0.2087
16999.24 0.0615 -0.0464 0.1138 -0.0314 -0.0242 -0.2036
16999.291 0.0640 -0.0618 0.0872 -0.0277 -0.0281 -0.2133
16999.336 0.0723 -0.0576 0.0576 -0.0292 -0.0364 -0.2172
16999.385 0.0708 -0.0574 0.0642 -0.0274 -0.0413 -0.2207
16999.435 0.0684 -0.0630 0.0493 -0.0352 -0.0319 -0.2232
16999.486 0.0601 -0.0813 0.0471 -0.0306 -0.0272 -0.2377
16999.535 0.0703 -0.0889 0.0488 -0.0293 -0.0235 -0.2454
16999.586 0.0718 -0.0955 0.0300 -0.0370 -0.0270 -0.2413
16999.638 0.0684 -0.0894 0.0171 -0.0419 -0.0319 -0.2347
16999.688 0.0610 -0.0803 0.0090 -0.0354 -0.0368 -0.2482
16999.741 0.0635 -0.0625 0.0098 -0.0365 -0.0426 -0.2450
16999.791 0.0718 -0.0505 -0.0022 -0.0366 -0.0404 -0.2361
16999.861 0.0742 -0.0532 0.0054 -0.0315 -0.0410 -0.2305
16999.888 0.0864 -0.0549 0.0061 -0.0292 -0.0487 -0.2349
16999.935 0.0898 -0.0625 0.0039 -0.0207 -0.0565 -0.2355
16999.99 0.0825 -0.0574 -0.0237 -0.0218 -0.0638 -0.2299
17000.043 0.0967 -0.0581 -0.0396 -0.0138 -0.0601 -0.2296
17000.109 0.0991 -0.0530 -0.0662 -0.0135 -0.0602 -0.2297
17000.152 0.1094 -0.0586 -0.0654 -0.0108 -0.0713 -0.2275
17000.195 0.1138 -0.0554 -0.0813 -0.0090 -0.0685 -0.2367
17000.247 0.1104 -0.0591 -0.1001 -0.0058 -0.0715 -0.2378
17000.299 0.1323 -0.0618 -0.0837 -0.0025 -0.0702 -0.2422
17000.35 0.1416 -0.0654 -0.0967 -0.0022 -0.0746 -0.2524
17000.401 0.1382 -0.0652 -0.0999 -0.0047 -0.0752 -0.2491
17000.454 0.1318 -0.0688 -0.1128 -0.0063 -0.0696 -0.2450
17000.505 0.1362 -0.0901 -0.1189 -0.0026 -0.0636 -0.2508
17000.557 0.1357 -0.0889 -0.1270 -0.0060 -0.0656 -0.2558
17000.608 0.1450 -0.0789 -0.1340 -0.0081 -0.0590 -0.2454
17000.659 0.1504 -0.0747 -0.1694 -0.0106 -0.0487 -0.2388
17000.712 0.1479 -0.0657 -0.1687 -0.0236 -0.0626 -0.2461
17000.763 0.1504 -0.0527 -0.2021 -0.0276 -0.0685 -0.2510
17000.812 0.1460 -0.0544 -0.2258 -0.0282 -0.0629 -0.2455
17000.863 0.1455 -0.0532 -0.2300 -0.0278 -0.0587 -0.2422
17000.916 0.1499 -0.0520 -0.2400 -0.0260 -0.0650 -0.2443
17000.967 0.1572 -0.0439 -0.2822 -0.0295 -0.0671 -0.2387
17001.032 0.1440 -0.0388 -0.2815 -0.0201 -0.0672 -0.2446
17001.077 0.1338 -0.0386 -0.2944 -0.0226 -0.0654 -0.2604
17001.122 0.1431 -0.0481 -0.3152 -0.0256 -0.0650 -0.2620
17001.175 0.1348 -0.0420 -0.3301 -0.0267 -0.0680 -0.2636
17001.226 0.1538 -0.0320 -0.3518 -0.0330 -0.0634 -0.2680
17001.28 0.1543 -0.0298 -0.3638 -0.0283 -0.0621 -0.2739
17001.323 0.1450 -0.0178 -0.3376 -0.0242 -0.0694 -0.2740
17001.372 0.1348 -0.0244 -0.3457 -0.0238 -0.0666 -0.2775
17001.425 0.1362 -0.0271 -0.3586 -0.0106 -0.0682 -0.2848
17001.476 0.1523 -0.0298 -0.3433 -0.0036 -0.0688 -0.2849
17001.529 0.1519 -0.0315 -0.3455 -0.0175 -0.0742 -0.2865
17001.579 0.1436 -0.0273 -0.3242 -0.0205 -0.0767 -0.2971
17001.628 0.1499 -0.0388 -0.3186 -0.0187 -0.0878 -0.2920
17001.681 0.1445 -0.0259 -0.2964 -0.0256 -0.0936 -0.2945
17001.73 0.1450 -0.0247 -0.2957 -0.0347 -0.0851 -0.2894
17001.802 0.1494 -0.0254 -0.3105 -0.0339 -0.0891 -0.2886
17001.844 0.1489 -0.0222 -0.3176 -0.0412 -0.0997 -0.2916
17001.887 0.1436 -0.0122 -0.3306 -0.0342 -0.1065 -0.2989
17001.939 0.1421 -0.0168 -0.2830 -0.0319 -0.1095 -0.2957
17001.99 0.1455 -0.0029 -0.2744 -0.0359 -0.1039 -0.2991
17002.048 0.1577 0.0002 -0.2913 -0.0245 -0.0973 -0.3007
17002.09 0.1494 -0.0044 -0.2808 -0.0232 -0.1037 -0.3013
17002.143 0.1470 -0.0110 -0.2908 -0.0195 -0.1014 -0.3062
17002.192 0.1523 -0.0205 -0.2813 -0.0178 -0.0972 -0.3059
17002.245 0.1558 -0.0095 -0.2659 -0.0179 -0.1107 -0.3136
17002.296 0.1650 -0.0093 -0.2681 -0.0228 -0.1127 -0.3214
17002.348 0.1655 -0.0022 -0.2712 -0.0282 -0.1114 -0.3163
17002.399 0.1797 -0.0098 -0.2568 -0.0197 -0.1111 -0.3097
17002.449 0.1909 0.0022 -0.2786 -0.0275 -0.1122 -0.3118
17002.5 0.2031 0.0103 -0.2817 -0.0262 -0.1037 -0.3181
17002.551 0.1987 0.0056 -0.2341 -0.0177 -0.1062 -0.3168
17002.604 0.1973 0.0000 -0.2441 -0.0107 -0.1116 -0.3165
17002.655 0.1909 -0.0027 -0.2405 -0.0089 -0.1179 -0.3138
17002.706 0.2041 -0.0171 -0.2095 -0.0038 -0.1366 -0.3096
17002.779 0.2114 -0.0168 -0.2078 -0.0025 -0.1377 -0.3054
17002.802 0.2148 -0.0098 -0.1934 0.0007 -0.1426 -0.3032
17002.862 0.2192 -0.0105 -0.1946 -0.0094 -0.1351 -0.3048
17002.924 0.2285 -0.0151 -0.1899 -0.0124 -0.1438 -0.3006
17002.966 0.2261 -0.0178 -0.1833 -0.0182 -0.1458 -0.3045
17003.01 0.2285 -0.0225 -0.1660 -0.0184 -0.1503 -0.2928
17003.079 0.2124 -0.0193 -0.1750 -0.0180 -0.1523 -0.2805
17003.124 0.2158 -0.0181 -0.1724 -0.0177 -0.1443 -0.2892
17003.167 0.2300 -0.0237 -0.1785 -0.0188 -0.1487 -0.2936
17003.216 0.2197 -0.0313 -0.1748 -0.0232 -0.1446 -0.2947
17003.269 0.2241 -0.0339 -0.1643 -0.0195 -0.1447 -0.3011
17003.318 0.2178 -0.0288 -0.1567 -0.0191 -0.1334 -0.3012
17003.37 0.2280 -0.0266 -0.1648 -0.0226 -0.1311 -0.3109
17003.439 0.2275 -0.0186 -0.1689 -0.0280 -0.1164 -0.3101
17003.482 0.2417 -0.0251 -0.1848 -0.0186 -0.1137 -0.3054
17003.523 0.2500 -0.0269 -0.1724 -0.0158 -0.1129 -0.3065
17003.586 0.2690 -0.0334 -0.1648 -0.0045 -0.1197 -0.3019
17003.629 0.2656 -0.0352 -0.1895 -0.0113 -0.1160 -0.3096
17003.678 0.2632 -0.0398 -0.1829 -0.0086 -0.1142 -0.3021
17003.729 0.2676 -0.0522 -0.1685 -0.0111 -0.1129 -0.3070
17003.781 0.2739 -0.0549 -0.1453 -0.0208 -0.1101 -0.3019
17003.832 0.2666 -0.0537 -0.1367 -0.0109 -0.1055 -0.3068
17003.883 0.2612 -0.0691 -0.1360 -0.0124 -0.1080 -0.3060
17003.932 0.2715 -0.0903 -0.0894 -0.0111 -0.1072 -0.2980
17004.002 0.2729 -0.0959 -0.0798 -0.0117 -0.1121 -0.3106
17004.044 0.2725 -0.1025 -0.0664 -0.0104 -0.1184 -0.3069
17004.093 0.2720 -0.1101 -0.0481 -0.0168 -0.1199 -0.3032
17004.142 0.2744 -0.1079 -0.0200 -0.0164 -0.1191 -0.2948
17004.193 0.2778 -0.1106 -0.0076 -0.0251 -0.1049 -0.2939
17004.244 0.2988 -0.1025 -0.0078 -0.0205 -0.0984 -0.2869
17004.295 0.3101 -0.0974 -0.0149 -0.0216 -0.0909 -0.2809
17004.346 0.3213 -0.1011 -0.0142 -0.0212 -0.0938 -0.2881
17004.397 0.3101 -0.0901 -0.0271 -0.0294 -0.1016 -0.2902
17004.448 0.3174 -0.0840 -0.0234 -0.0243 -0.0965 -0.2899
17004.499 0.2915 -0.0955 -0.0012 -0.0187 -0.0961 -0.2948
17004.548 0.2949 -0.0913 -0.0015 -0.0088 -0.1077 -0.3054
17004.599 0.2886 -0.0950 -0.0134 -0.0142 -0.1054 -0.3208
17004.65 0.2822 -0.1074 0.0029 -0.0167 -0.0960 -0.3190
17004.704 0.2759 -0.1052 0.0046 -0.0097 -0.0980 -0.3206
17004.755 0.2832 -0.1147 0.0161 -0.0165 -0.1063 -0.3212
17004.806 0.2935 -0.1184 0.0032 -0.0123 -0.1069 -0.3361
17004.858 0.2959 -0.1211 0.0029 -0.0187 -0.1046 -0.3439
17004.911 0.2944 -0.1150 0.0183 -0.0217 -0.1143 -0.3316
17004.963 0.3047 -0.1128 0.0239 -0.0122 -0.1216 -0.3346
17005.015 0.3052 -0.1135 0.0090 -0.0190 -0.1184 -0.3357
17005.066 0.3018 -0.1104 0.0244 -0.0144 -0.1185 -0.3368
17005.131 0.3042 -0.1160 0.0193 -0.0141 -0.1186 -0.3393
17005.177 0.2969 -0.1040 0.0298 -0.0199 -0.1187 -0.3476
17005.223 0.3052 -0.1184 0.0266 -0.0205 -0.1303 -0.3582
17005.267 0.3281 -0.1201 0.0381 -0.0144 -0.1309 -0.3555
17005.318 0.3354 -0.1062 0.0164 -0.0294 -0.1320 -0.3632
17005.37 0.3408 -0.1108 0.0571 -0.0295 -0.1326 -0.3610
17005.423 0.3384 -0.1018 0.0276 -0.0267 -0.1289 -0.3730
17005.474 0.3330 -0.1162 0.0361 -0.0250 -0.1314 -0.3665
17005.525 0.3315 -0.1082 0.0339 -0.0203 -0.1291 -0.3728
17005.576 0.3262 -0.1147 0.0366 -0.0219 -0.1254 -0.3854
17005.629 0.3267 -0.1262 0.0374 -0.0301 -0.1289 -0.3893
17005.681 0.3428 -0.1338 0.0303 -0.0326 -0.1219 -0.3885
17005.731 0.3374 -0.1277 0.0457 -0.0332 -0.1187 -0.3896
17005.778 0.3154 -0.1216 0.0474 -0.0295 -0.1197 -0.3873
17005.838 0.3198 -0.1165 0.0637 -0.0206 -0.1222 -0.3894
17005.881 0.3145 -0.0908 0.0557 -0.0069 -0.1176 -0.3914
17005.941 0.2935 -0.0867 0.0906 -0.0104 -0.1144 -0.3949
17005.984 0.3008 -0.0815 0.0688 -0.0091 -0.1107 -0.3955
17006.034 0.2983 -0.0862 0.0706 -0.0030 -0.1065 -0.4014
17006.085 0.2959 -0.0771 0.0518 0.0007 -0.1114 -0.4053
17006.136 0.2837 -0.0769 0.0525 -0.0052 -0.1144 -0.4098
17006.206 0.2744 -0.0698 0.0483 0.0066 -0.1193 -0.4108
17006.235 0.2710 -0.0667 0.0706 0.0156 -0.1266 -0.4110
17006.299 0.2598 -0.0645 0.0918 0.0193 -0.1257 -0.4264
17006.343 0.2671 -0.0671 0.1121 0.0249 -0.1259 -0.4289
17006.396 0.2676 -0.0659 0.1118 0.0290 -0.1246 -0.4228
17006.445 0.2769 -0.0793 0.1223 0.0194 -0.1237 -0.4301
17006.496 0.2705 -0.0830 0.1016 0.0240 -0.1138 -0.4226
17006.547 0.2710 -0.0837 0.1003 0.0325 -0.1187 -0.4294
17006.598 0.2646 -0.0942 0.0972 0.0319 -0.1155 -0.4196
17006.647 0.2817 -0.0999 0.1116 0.0336 -0.1180 -0.4226
17006.698 0.2695 -0.0957 0.1152 0.0354 -0.1162 -0.4341
17006.747 0.2749 -0.1023 0.1345 0.0401 -0.1154 -0.4243
17006.8 0.2793 -0.1138 0.1372 0.0347 -0.1179 -0.4344
17006.871 0.2896 -0.1096 0.1252 0.0412 -0.1233 -0.4398
17006.902 0.2832 -0.1133 0.1533 0.0449 -0.1191 -0.4385
17006.949 0.2915 -0.1208 0.1746 0.0448 -0.1178 -0.4367
17007.02 0.3125 -0.1196 0.1821 0.0404 -0.1117 -0.4321
17007.067 0.3257 -0.1223 0.1711 0.0450 -0.1085 -0.4399
17007.111 0.3184 -0.1182 0.1396 0.0468 -0.1144 -0.4386
17007.162 0.3257 -0.1248 0.1394 0.0453 -0.1154 -0.4368
17007.213 0.3350 -0.1206 0.1538 0.0509 -0.1175 -0.4331
17007.267 0.3442 -0.1233 0.1672 0.0522 -0.1138 -0.4351
17007.319 0.3535 -0.1328 0.1602 0.0592 -0.1144 -0.4305
17007.368 0.3413 -0.1228 0.1511 0.0638 -0.1221 -0.4268
17007.421 0.3447 -0.1265 0.1401 0.0713 -0.1270 -0.4317
17007.473 0.3579 -0.1223 0.1418 0.0812 -0.1338 -0.4266
17007.517 0.3535 -0.1289 0.1523 0.0892 -0.1297 -0.4320
17007.568 0.3530 -0.1335 0.1541 0.0981 -0.1260 -0.4259
17007.62 0.3496 -0.1333 0.1616 0.1085 -0.1271 -0.4122
17007.67 0.3452 -0.1301 0.1526 0.1050 -0.1215 -0.4233
17007.741 0.3506 -0.1338 0.1348 0.1111 -0.1254 -0.4321
17007.772 0.3472 -0.1404 0.1326 0.1153 -0.1227 -0.4284
17007.837 0.3408 -0.1323 0.1167 0.1099 -0.1256 -0.4319
17007.881 0.3413 -0.1389 0.1223 0.0983 -0.1291 -0.4406
17007.934 0.3428 -0.1133 0.1143 0.0915 -0.1254 -0.4460
17007.986 0.3345 -0.1218 0.1003 0.0847 -0.1375 -0.4614
17008.039 0.3330 -0.1138 0.0942 0.0813 -0.1323 -0.4524
17008.09 0.3247 -0.1077 0.0793 0.0754 -0.1277 -0.4454
17008.131 0.3232 -0.1094 0.0977 0.0676 -0.1173 -0.4427
17008.194 0.3188 -0.1042 0.0955 0.0661 -0.1203 -0.4409
17008.235 0.3145 -0.1177 0.0864 0.0683 -0.1223 -0.4415
17008.288 0.3081 -0.1106 0.1086 0.0758 -0.1253 -0.4412
17008.339 0.3174 -0.1055 0.1104 0.0757 -0.1259 -0.4518
17008.388 0.3218 -0.1111 0.1394 0.0746 -0.1218 -0.4481
17008.441 0.3359 -0.1128 0.1558 0.0631 -0.1204 -0.4387
17008.49 0.3394 -0.1067 0.1516 0.0725 -0.1244 -0.4393
17008.541 0.3369 -0.1094 0.1953 0.0733 -0.1269 -0.4461
17008.592 0.3442 -0.1101 0.2078 0.0779 -0.1280 -0.4372
17008.646 0.3369 -0.1167 0.2212 0.0750 -0.1314 -0.4359
17008.696 0.3149 -0.1233 0.2395 0.0739 -0.1402 -0.4418
17008.772 0.3174 -0.1113 0.2197 0.0723 -0.1417 -0.4400
17008.795 0.3022 -0.1082 0.2458 0.0622 -0.1428 -0.4320
17008.855 0.3184 -0.1089 0.2446 0.0577 -0.1491 -0.4317
17008.905 0.3315 -0.1067 0.2454 0.0471 -0.1483 -0.4375
17008.956 0.3281 -0.1025 0.2559 0.0532 -0.1494 -0.4386
17009.008 0.3384 -0.0984 0.2654 0.0488 -0.1609 -0.4326
17009.059 0.3408 -0.0981 0.2456 0.0620 -0.1644 -0.4313
17009.11 0.3442 -0.1018 0.2610 0.0729 -0.1664 -0.4414
17009.153 0.3457 -0.1006 0.2832 0.0594 -0.1718 -0.4373
17009.224 0.3599 -0.0867 0.3044 0.0645 -0.1734 -0.4412
17009.261 0.3584 -0.0903 0.3003 0.0615 -0.1878 -0.4323
17009.306 0.3647 -0.0999 0.2903 0.0523 -0.1841 -0.4381
17009.378 0.3721 -0.1055 0.3135 0.0546 -0.1814 -0.4431
17009.424 0.3667 -0.1091 0.3201 0.0449 -0.1815 -0.4475
17009.467 0.3652 -0.1060 0.3140 0.0438 -0.1859 -0.4457
17009.518 0.3677 -0.1008 0.3206 0.0585 -0.1722 -0.4411
17009.569 0.3799 -0.1055 0.3174 0.0502 -0.1685 -0.4383
17009.618 0.3940 -0.1101 0.3337 0.0401 -0.1686 -0.4213
17009.669 0.4014 -0.1177 0.3413 0.0433 -0.1835 -0.4295
17009.718 0.4038 -0.1184 0.3518 0.0451 -0.1837 -0.4144
17009.77 0.3984 -0.1250 0.3428 0.0497 -0.1800 -0.4165
17009.822 0.3989 -0.1316 0.3171 0.0639 -0.1777 -0.4304
17009.874 0.3975 -0.1294 0.3335 0.0562 -0.1783 -0.4220
17009.927 0.3911 -0.1321 0.3352 0.0503 -0.1837 -0.4221
17009.979 0.3916 -0.1387 0.3555 0.0511 -0.1857 -0.4265
17010.03 0.3872 -0.1423 0.3591 0.0567 -0.1806 -0.4248
17010.088 0.3887 -0.1323 0.3423 0.0480 -0.1821 -0.4249
17010.129 0.3960 -0.1311 0.3274 0.0364 -0.1889 -0.4255
17010.194 0.4023 -0.1230 0.3340 0.0396 -0.1876 -0.4338
17010.241 0.3999 -0.1111 0.3523 0.0534 -0.1906 -0.4244
17010.286 0.4014 -0.1147 0.3452 0.0570 -0.1888 -0.4245
17010.357 0.4087 -0.1262 0.3518 0.0660 -0.1985 -0.4246
17010.38 0.4014 -0.1240 0.3496 0.0754 -0.2091 -0.4176
17010.443 0.4009 -0.1257 0.3630 0.0719 -0.2169 -0.4192
17010.488 0.3994 -0.1362 0.3647 0.0632 -0.2094 -0.4212
17010.54 0.4087 -0.1428 0.3684 0.0698 -0.2042 -0.4213
17010.592 0.4102 -0.1357 0.3965 0.0706 -0.1991 -0.4320
17010.663 0.4097 -0.1287 0.4070 0.0647 -0.2026 -0.4421
17010.693 0.4004 -0.1265 0.4331 0.0656 -0.1994 -0.4423
17010.742 0.3921 -0.1243 0.4768 0.0678 -0.2066 -0.4386
17010.812 0.4033 -0.1221 0.4990 0.0691 -0.2058 -0.4387
17010.856 0.4038 -0.1130 0.5066 0.0824 -0.1974 -0.4355
17010.898 0.4092 -0.1187 0.5161 0.0760 -0.1980 -0.4371
17010.963 0.4019 -0.1272 0.5110 0.0726 -0.2019 -0.4444
17011 0.4160 -0.1240 0.4883 0.0815 -0.2030 -0.4512
17011.059 0.4116 -0.1160 0.4851 0.0780 -0.2064 -0.4513
17011.118 0.4072 -0.1138 0.4839 0.0765 -0.2013 -0.4534
17011.162 0.4126 -0.1311 0.4788 0.0802 -0.2033 -0.4592
17011.213 0.4189 -0.1357 0.4766 0.0838 -0.2063 -0.4584
17011.266 0.4175 -0.1375 0.4744 0.0742 -0.2036 -0.4519
17011.311 0.4063 -0.1206 0.4712 0.0826 -0.1970 -0.4620
17011.362 0.4155 -0.1135 0.4924 0.0882 -0.1976 -0.4555
17011.413 0.4082 -0.1143 0.4824 0.0872 -0.2021 -0.4618
17011.465 0.4106 -0.1228 0.4773 0.0827 -0.2046 -0.4605
17011.515 0.4131 -0.1343 0.4663 0.0855 -0.2014 -0.4606
17011.564 0.4243 -0.1350 0.4641 0.0734 -0.2034 -0.4698
17011.617 0.4443 -0.1338 0.4668 0.0728 -0.2097 -0.4762
17011.669 0.4487 -0.1296 0.4695 0.0880 -0.2136 -0.4878
17011.721 0.4473 -0.1411 0.4634 0.0916 -0.2076 -0.4912
17011.773 0.4595 -0.1536 0.4788 0.0996 -0.2096 -0.4909
17011.834 0.4619 -0.1709 0.4795 0.0966 -0.2059 -0.4848
17011.884 0.4624 -0.1570 0.4841 0.0956 -0.2027 -0.4907
17011.924 0.4727 -0.1616 0.4917 0.1054 -0.2014 -0.5004
17011.976 0.4810 -0.1516 0.4827 0.0991 -0.1953 -0.4972
17012.027 0.4883 -0.1582 0.5225 0.0971 -0.2007 -0.4854
17012.098 0.4946 -0.1580 0.5300 0.0950 -0.1975 -0.4865
17012.126 0.4912 -0.1509 0.5376 0.0997 -0.1928 -0.4885
17012.19 0.4878 -0.1536 0.5295 0.0972 -0.1858 -0.4939
17012.234 0.4795 -0.1504 0.5391 0.0913 -0.1830 -0.4931
17012.286 0.4849 -0.1619 0.5320 0.1012 -0.1808 -0.4965
17012.337 0.4785 -0.1675 0.5249 0.0954 -0.1866 -0.5014
17012.389 0.4692 -0.1838 0.5110 0.0919 -0.1815 -0.5049
17012.442 0.4600 -0.1885 0.5156 0.0860 -0.1845 -0.5117
17012.493 0.4624 -0.1863 0.5056 0.0854 -0.1846 -0.5152
17012.544 0.4756 -0.1831 0.4868 0.0953 -0.1766 -0.5134
17012.594 0.4819 -0.1907 0.5139 0.1024 -0.1729 -0.5164
17012.645 0.4814 -0.1914 0.5156 0.1027 -0.1673 -0.5223
17012.696 0.4819 -0.1882 0.5330 0.0997 -0.1651 -0.5162
17012.748 0.4736 -0.1987 0.5132 0.0986 -0.1747 -0.5269
17012.797 0.4595 -0.2063 0.5168 0.1028 -0.1753 -0.5203
17012.85 0.4551 -0.2061 0.5186 0.1070 -0.1736 -0.5305
17012.901 0.4624 -0.2224 0.5232 0.1135 -0.1732 -0.5296
17012.954 0.4434 -0.2261 0.5034 0.1081 -0.1829 -0.5283
17013.005 0.4370 -0.2239 0.5178 0.1199 -0.1768 -0.5323
17013.058 0.4482 -0.2168 0.4971 0.1112 -0.1798 -0.5310
17013.107 0.4497 -0.2097 0.5115 0.1092 -0.1756 -0.5340
17013.158 0.4453 -0.2144 0.5386 0.1157 -0.1791 -0.5356
17013.208 0.4341 -0.2200 0.5520 0.1213 -0.1821 -0.5405
17013.279 0.4492 -0.2217 0.5645 0.1217 -0.1850 -0.5463
17013.302 0.4399 -0.2283 0.5759 0.1225 -0.1833 -0.5455
17013.365 0.4385 -0.2446 0.5708 0.1095 -0.1843 -0.5428
17013.411 0.4399 -0.2346 0.5754 0.1037 -0.1792 -0.5453
17013.46 0.4326 -0.2217 0.5820 0.1121 -0.1884 -0.5421
17013.531 0.4263 -0.2185 0.6003 0.1082 -0.1885 -0.5460
17013.575 0.4248 -0.2212 0.6206 0.0980 -0.1877 -0.5424
17013.622 0.4409 -0.2092 0.6389 0.1012 -0.1916 -0.5406
17013.671 0.4463 -0.2148 0.6230 0.1002 -0.1903 -0.5379
17013.724 0.4595 -0.2126 0.6257 0.1043 -0.1905 -0.5237
17013.767 0.4727 -0.2261 0.6274 0.1061 -0.1863 -0.5138
17013.819 0.4692 -0.2434 0.6243 0.1079 -0.1940 -0.5244
17013.87 0.4717 -0.2539 0.6455 0.1035 -0.1884 -0.5270
17013.939 0.4683 -0.2556 0.6580 0.0981 -0.1938 -0.5257
17013.974 0.4727 -0.2593 0.6636 0.1013 -0.1858 -0.5182
17014.026 0.4829 -0.2385 0.6516 0.1064 -0.1936 -0.5140
17014.077 0.4873 -0.2363 0.6328 0.1120 -0.1999 -0.5180
17014.14 0.4771 -0.2371 0.6179 0.1090 -0.2005 -0.5348
17014.185 0.4775 -0.2349 0.6343 0.1146 -0.1959 -0.5406
17014.236 0.4810 -0.2395 0.6184 0.1145 -0.2008 -0.5494
17014.287 0.4707 -0.2559 0.6055 0.0981 -0.2061 -0.5485
17014.338 0.4712 -0.2644 0.5876 0.1061 -0.2020 -0.5611
17014.389 0.4600 -0.2798 0.5776 0.1036 -0.2049 -0.5603
17014.434 0.4478 -0.2864 0.5491 0.0997 -0.1998 -0.5642
17014.503 0.4492 -0.3096 0.5283 0.0924 -0.1971 -0.5644
17014.545 0.4536 -0.3113 0.5271 0.0837 -0.2091 -0.5688
17014.603 0.4580 -0.3374 0.5220 0.0797 -0.1973 -0.5594
17014.646 0.4565 -0.3459 0.5256 0.0767 -0.1989 -0.5681
17014.698 0.4746 -0.3350 0.5352 0.0847 -0.1985 -0.5716
17014.771 0.4741 -0.3220 0.5027 0.0865 -0.1982 -0.5760
17014.791 0.4844 -0.3247 0.4819 0.0878 -0.2098 -0.5714
17014.859 0.4927 -0.3254 0.4563 0.0853 -0.2108 -0.5777
17014.904 0.4795 -0.3359 0.4414 0.0809 -0.2200 -0.5755
17014.954 0.4819 -0.3347 0.4138 0.0846 -0.2192 -0.5727
17015.005 0.4863 -0.3423 0.4077 0.0911 -0.2117 -0.5695
17015.057 0.4888 -0.3469 0.4153 0.0900 -0.2085 -0.5639
17015.099 0.4873 -0.3506 0.3877 0.0971 -0.2153 -0.5607
17015.152 0.4927 -0.3611 0.3855 0.0998 -0.2211 -0.5675
17015.203 0.4805 -0.3511 0.3530 0.1011 -0.2241 -0.5729
17015.254 0.4761 -0.3469 0.3704 0.1029 -0.2185 -0.5721
17015.305 0.4814 -0.3477 0.3506 0.1051 -0.2191 -0.5732
17015.359 0.4780 -0.3464 0.3308 0.1084 -0.2240 -0.5810
17015.409 0.4785 -0.3511 0.3354 0.1135 -0.2294 -0.5801
17015.46 0.4771 -0.3391 0.3079 0.1091 -0.2214 -0.5803
17015.511 0.4795 -0.3438 0.3301 0.1118 -0.2120 -0.5823
17015.562 0.4897 -0.3435 0.3142 0.1117 -0.2107 -0.5977
17015.613 0.4961 -0.3530 0.3267 0.1115 -0.2074 -0.5940
17015.666 0.4907 -0.3528 0.3059 0.1162 -0.2109 -0.5904
17015.717 0.4805 -0.3457 0.3154 0.1218 -0.2091 -0.5900
17015.769 0.4849 -0.3328 0.2869 0.1216 -0.1973 -0.5944
17015.821 0.4824 -0.3267 0.2671 0.1268 -0.1898 -0.5936
17015.872 0.4849 -0.3225 0.2620 0.1281 -0.1961 -0.5933
17015.922 0.4873 -0.3262 0.2676 0.1308 -0.1982 -0.5939
17015.975 0.4878 -0.3386 0.2859 0.1269 -0.1930 -0.5959
17016.027 0.4893 -0.3452 0.2642 0.1234 -0.1951 -0.5961
17016.084 0.4692 -0.3499 0.2424 0.1199 -0.1952 -0.5976
17016.128 0.4590 -0.3408 0.2324 0.1246 -0.1953 -0.6025
17016.179 0.4585 -0.3298 0.2429 0.1240 -0.1969 -0.6017
17016.23 0.4551 -0.3267 0.2300 0.1181 -0.1946 -0.5999
17016.283 0.4478 -0.3284 0.2161 0.1189 -0.2024 -0.6015
17016.332 0.4463 -0.3379 0.2021 0.1288 -0.2025 -0.6021
17016.386 0.4429 -0.3445 0.2000 0.1311 -0.2036 -0.6128
17016.436 0.4463 -0.3501 0.2017 0.1271 -0.2118 -0.6081
17016.488 0.4370 -0.3557 0.1799 0.1308 -0.2081 -0.6063
17016.541 0.4346 -0.3584 0.1865 0.1178 -0.2111 -0.6060
17016.592 0.4380 -0.3503 0.1589 0.1153 -0.2055 -0.6047
17016.643 0.4424 -0.3452 0.1577 0.1262 -0.2152 -0.6068
17016.694 0.4438 -0.3489 0.1487 0.1174 -0.2258 -0.6198
17016.745 0.4473 -0.3496 0.1621 0.1187 -0.2250 -0.6228
17016.797 0.4536 -0.3484 0.1648 0.1286 -0.2332 -0.6305
17016.848 0.4541 -0.3608 0.1489 0.1357 -0.2290 -0.6292
17016.901 0.4585 -0.3528 0.1711 0.1351 -0.2363 -0.6251
17016.954 0.4609 -0.3457 0.1807 0.1359 -0.2431 -0.6309
17017 0.4780 -0.3435 0.1912 0.1391 -0.2480 -0.6368
17017.051 0.4766 -0.3540 0.2017 0.1356 -0.2629 -0.6407
17017.102 0.4790 -0.3557 0.2366 0.1388 -0.2535 -0.6547
17017.153 0.4707 -0.3516 0.2500 0.1411 -0.2479 -0.6487
17017.206 0.4761 -0.3474 0.2380 0.1434 -0.2504 -0.6478
17017.257 0.4863 -0.3638 0.2397 0.1475 -0.2539 -0.6575
17017.31 0.4927 -0.3586 0.2209 0.1555 -0.2554 -0.6591
17017.359 0.4980 -0.3486 0.2236 0.1563 -0.2613 -0.6516
17017.412 0.5024 -0.3503 0.2214 0.1548 -0.2523 -0.6508
17017.461 0.5029 -0.3599 0.2241 0.1580 -0.2453 -0.6518
17017.514 0.5015 -0.3577 0.2415 0.1560 -0.2478 -0.6534
17017.563 0.4980 -0.3486 0.2383 0.1506 -0.2494 -0.6473
17017.614 0.4966 -0.3640 0.2507 0.1509 -0.2485 -0.6527
17017.663 0.5010 -0.3726 0.2622 0.1484 -0.2401 -0.6543
17017.714 0.4976 -0.3782 0.2844 0.1516 -0.2326 -0.6406
17017.779 0.4805 -0.3691 0.3242 0.1491 -0.2346 -0.6422
17017.821 0.4810 -0.3699 0.3230 0.1457 -0.2318 -0.6390
17017.866 0.4863 -0.3726 0.3218 0.1455 -0.2339 -0.6415
17017.925 0.4888 -0.3743 0.3274 0.1497 -0.2221 -0.6407
17017.977 0.4932 -0.3701 0.3477 0.1419 -0.2274 -0.6341
17018.02 0.4927 -0.3630 0.3210 0.1485 -0.2357 -0.6309
17018.074 0.4941 -0.3608 0.3110 0.1464 -0.2382 -0.6301
17018.121 0.4966 -0.3655 0.3303 0.1420 -0.2316 -0.6245
17018.192 0.5049 -0.3633 0.3213 0.1519 -0.2337 -0.6246
17018.237 0.5151 -0.3689 0.3279 0.1585 -0.2390 -0.6281
17018.283 0.5137 -0.3579 0.2856 0.1602 -0.2416 -0.6301
17018.344 0.5337 -0.3645 0.2883 0.1530 -0.2450 -0.6288
17018.39 0.5332 -0.3721 0.2891 0.1600 -0.2404 -0.6280
17018.431 0.5396 -0.3650 0.2898 0.1451 -0.2381 -0.6282
17018.496 0.5322 -0.3589 0.2915 0.1383 -0.2425 -0.6316
17018.541 0.5415 -0.3547 0.3157 0.1319 -0.2469 -0.6361
17018.592 0.5488 -0.3643 0.3086 0.1394 -0.2394 -0.6543
17018.644 0.5532 -0.3640 0.3328 0.1369 -0.2496 -0.6530
17018.689 0.5381 -0.3628 0.3120 0.1335 -0.2368 -0.6551
17018.738 0.5396 -0.3772 0.3167 0.1376 -0.2408 -0.6590
17018.81 0.5332 -0.3770 0.3164 0.1499 -0.2452 -0.6630
17018.84 0.5376 -0.3835 0.3230 0.1479 -0.2567 -0.6550
17018.907 0.5273 -0.3853 0.3257 0.1525 -0.2626 -0.6623
17018.95 0.5298 -0.3948 0.3411 0.1538 -0.2704 -0.6682
17019.013 0.5254 -0.4053 0.3564 0.1480 -0.2633 -0.6502
17019.055 0.5327 -0.3982 0.3591 0.1407 -0.2639 -0.6517
17019.097 0.5439 -0.3911 0.3413 0.1382 -0.2607 -0.6547
17019.164 0.5571 -0.3918 0.3342 0.1337 -0.2565 -0.6639
17019.2 0.5713 -0.3779 0.3135 0.1331 -0.2500 -0.6526
17019.265 0.5669 -0.3845 0.3152 0.1359 -0.2539 -0.6461
17019.307 0.5596 -0.3677 0.3169 0.1477 -0.2483 -0.6443
17019.36 0.5708 -0.3752 0.3333 0.1394 -0.2418 -0.6358
17019.411 0.5693 -0.3760 0.3584 0.1393 -0.2490 -0.6217
17019.456 0.5659 -0.3835 0.3503 0.1454 -0.2401 -0.6266
17019.507 0.5625 -0.3872 0.3599 0.1438 -0.2374 -0.6377
17019.577 0.5630 -0.3899 0.3625 0.1432 -0.2432 -0.6383
17019.615 0.5654 -0.4033 0.3711 0.1512 -0.2534 -0.6542
17019.667 0.5503 -0.4031 0.3718 0.1511 -0.2602 -0.6553
17019.721 0.5566 -0.3843 0.3755 0.1567 -0.2574 -0.6478
17019.772 0.5581 -0.3889 0.3743 0.1484 -0.2552 -0.6508
17019.817 0.5605 -0.3984 0.3682 0.1354 -0.2577 -0.6580
17019.866 0.5591 -0.3953 0.3796 0.1196 -0.2650 -0.6663
17019.919 0.5596 -0.3843 0.4019 0.1151 -0.2660 -0.6640
17019.971 0.5649 -0.3782 0.4270 0.0988 -0.2642 -0.6618
17020.023 0.5752 -0.3857 0.4160 0.0963 -0.2563 -0.6572
17020.076 0.5913 -0.4001 0.4246 0.0985 -0.2511 -0.6635
17020.127 0.5908 -0.4028 0.4302 0.0998 -0.2474 -0.6679
17020.178 0.5903 -0.4114 0.4407 0.0921 -0.2514 -0.6747
17020.229 0.5938 -0.4229 0.4346 0.0896 -0.2572 -0.6710
17020.28 0.5991 -0.4314 0.4353 0.0871 -0.2545 -0.6693
17020.331 0.6016 -0.4312 0.4351 0.0931 -0.2527 -0.6713
17020.382 0.6021 -0.4299 0.4319 0.0982 -0.2528 -0.6796
17020.434 0.6006 -0.4326 0.4297 0.1081 -0.2463 -0.6787
17020.485 0.6099 -0.4324 0.4373 0.1147 -0.2531 -0.6755
17020.557 0.6055 -0.4253 0.4585 0.1160 -0.2613 -0.6752
17020.581 0.6069 -0.4309 0.4758 0.1163 -0.2610 -0.6772
17020.644 0.6064 -0.4473 0.4971 0.1119 -0.2663 -0.6702
17020.688 0.5991 -0.4304 0.5212 0.1151 -0.2741 -0.6751
17020.74 0.6016 -0.4341 0.5386 0.1093 -0.2651 -0.6767
17020.79 0.6021 -0.4338 0.5286 0.1206 -0.2657 -0.6697
17020.849 0.5986 -0.4287 0.5283 0.1171 -0.2611 -0.6708
17020.902 0.5972 -0.4607 0.5417 0.1094 -0.2631 -0.6809
17020.945 0.6016 -0.4683 0.5317 0.1083 -0.2637 -0.6930
17020.999 0.6011 -0.4631 0.5442 0.1044 -0.2672 -0.6945
17021.049 0.5986 -0.4551 0.5410 0.1042 -0.2635 -0.6909
17021.102 0.5962 -0.4509 0.5359 0.1031 -0.2684 -0.6690
17021.153 0.5957 -0.4546 0.5522 0.1054 -0.2680 -0.6706
17021.214 0.5884 -0.4495 0.5413 0.1010 -0.2686 -0.6660
17021.257 0.5908 -0.4512 0.5645 0.1018 -0.2688 -0.6623
17021.308 0.5972 -0.4539 0.5691 0.0998 -0.2679 -0.6620
17021.357 0.5859 -0.4438 0.5718 0.1073 -0.2642 -0.6597
17021.408 0.5747 -0.4456 0.5774 0.1124 -0.2591 -0.6646
17021.457 0.5596 -0.4297 0.5732 0.1113 -0.2683 -0.6581
17021.51 0.5718 -0.4392 0.5730 0.1155 -0.2694 -0.6558
17021.561 0.5801 -0.4370 0.5776 0.1111 -0.2729 -0.6703
17021.614 0.5874 -0.4192 0.5823 0.0971 -0.2830 -0.6613
17021.663 0.5781 -0.4287 0.5850 0.1070 -0.2931 -0.6677
17021.716 0.5806 -0.4353 0.5818 0.1021 -0.3133 -0.6621
17021.767 0.5820 -0.4429 0.5854 0.1096 -0.3215 -0.6527
17021.818 0.5708 -0.4465 0.5735 0.1014 -0.3255 -0.6414
17021.869 0.5635 -0.4463 0.5713 0.0993 -0.3199 -0.6348
17021.922 0.5581 -0.4187 0.5554 0.0892 -0.3252 -0.6311
17021.973 0.5586 -0.4282 0.5493 0.0790 -0.3258 -0.6251
17022.026 0.5454 -0.4260 0.5627 0.0846 -0.3298 -0.6185
17022.07 0.5439 -0.4248 0.5820 0.0797 -0.3280 -0.6229
17022.136 0.5503 -0.4138 0.5994 0.0834 -0.3267 -0.6302
17022.18 0.5449 -0.4155 0.6313 0.0819 -0.3316 -0.6256
17022.231 0.5698 -0.4153 0.6458 0.0836 -0.3379 -0.6381
17022.284 0.5771 -0.4248 0.6289 0.0907 -0.3462 -0.6407
17022.333 0.5776 -0.4197 0.6345 0.0958 -0.3439 -0.6527
17022.387 0.5635 -0.4194 0.6187 0.1000 -0.3326 -0.6500
17022.434 0.5591 -0.4260 0.6252 0.1065 -0.3356 -0.6463
17022.488 0.5449 -0.4297 0.6240 0.1126 -0.3390 -0.6436
17022.538 0.5503 -0.4373 0.6541 0.1210 -0.3234 -0.6442
17022.587 0.5498 -0.4243 0.6382 0.1185 -0.3221 -0.6429
17022.638 0.5522 -0.4124 0.6350 0.1160 -0.3251 -0.6364
17022.687 0.5371 -0.4229 0.6484 0.1102 -0.3133 -0.6384
17022.738 0.5425 -0.4187 0.6345 0.0986 -0.3167 -0.6462
17022.808 0.5469 -0.4224 0.5952 0.1056 -0.3183 -0.6535
17022.852 0.5415 -0.4241 0.5715 0.1098 -0.3203 -0.6526
17022.896 0.5508 -0.4063 0.5684 0.1058 -0.3257 -0.6595
17022.945 0.5532 -0.3972 0.5525 0.1052 -0.3239 -0.6601
17022.998 0.5713 -0.4146 0.5474 0.1108 -0.3245 -0.6650
17023.049 0.5884 -0.4114 0.5159 0.1169 -0.3237 -0.6723
17023.101 0.5850 -0.4023 0.5225 0.1101 -0.3314 -0.6762
17023.154 0.5923 -0.3953 0.5125 0.1062 -0.3297 -0.6721
17023.206 0.5781 -0.3931 0.5063 0.1118 -0.3293 -0.6798
17023.271 0.5845 -0.3938 0.4973 0.1097 -0.3380 -0.6785
17023.3 0.5928 -0.3877 0.5000 0.0996 -0.3400 -0.6705
17023.365 0.5962 -0.3855 0.5115 0.1042 -0.3497 -0.6707
17023.411 0.5869 -0.3774 0.4702 0.1112 -0.3618 -0.6632
17023.462 0.6001 -0.3821 0.4329 0.1054 -0.3705 -0.6710
17023.507 0.5986 -0.3896 0.4063 0.1081 -0.3611 -0.6697
17023.556 0.6187 -0.4021 0.3757 0.1094 -0.3469 -0.6741
17023.607 0.6094 -0.3892 0.3667 0.1150 -0.3432 -0.6723
17023.658 0.6167 -0.3821 0.3577 0.1163 -0.3514 -0.6739
17023.709 0.6201 -0.3945 0.3691 0.1095 -0.3596 -0.6807
17023.774 0.6177 -0.4001 0.3669 0.1041 -0.3593 -0.6866
17023.813 0.6143 -0.4077 0.3560 0.1050 -0.3647 -0.6962
17023.864 0.6021 -0.4055 0.3479 0.1048 -0.3710 -0.6816
17023.917 0.6113 -0.4170 0.3945 0.1171 -0.3783 -0.6765
17023.968 0.6069 -0.4187 0.3806 0.1122 -0.3841 -0.6861
17024.019 0.6201 -0.4233 0.3569 0.1040 -0.3861 -0.6834
17024.069 0.6147 -0.4192 0.3391 0.1010 -0.3882 -0.6773
17024.138 0.5957 -0.4170 0.3418 0.1018 -0.3964 -0.6694
17024.185 0.6177 -0.4285 0.3210 0.1060 -0.3932 -0.6633
17024.228 0.6348 -0.4263 0.2847 0.1173 -0.3981 -0.6672
17024.284 0.6431 -0.4133 0.2786 0.1148 -0.4039 -0.6769
17024.331 0.6543 -0.4199 0.2783 0.1180 -0.4112 -0.6790
17024.376 0.6567 -0.4148 0.2810 0.1184 -0.4152 -0.6767
17024.427 0.6572 -0.4253 0.3052 0.1158 -0.4158 -0.6807
17024.478 0.6460 -0.4290 0.2971 0.1176 -0.4159 -0.6798
17024.531 0.6572 -0.4404 0.2793 0.1156 -0.4174 -0.6876
17024.582 0.6567 -0.4421 0.2644 0.1198 -0.4071 -0.6858
17024.655 0.6572 -0.4517 0.2593 0.1182 -0.4143 -0.6936
17024.685 0.6733 -0.4475 0.2727 0.1205 -0.4040 -0.7023
17024.746 0.6680 -0.4473 0.2588 0.1199 -0.3960 -0.7058
17024.79 0.6782 -0.4373 0.2341 0.1121 -0.3980 -0.7102
17024.84 0.6875 -0.4292 0.2075 0.1120 -0.3962 -0.7209
17024.891 0.6753 -0.4368 0.1868 0.1061 -0.3949 -0.7248
17024.943 0.6855 -0.4395 0.1641 0.1069 -0.3755 -0.7321
17024.995 0.6860 -0.4324 0.1580 0.1111 -0.3713 -0.7318
17025.047 0.6973 -0.4282 0.1392 0.1124 -0.3724 -0.7362
17025.099 0.6880 -0.4407 0.0999 0.1085 -0.3735 -0.7382
17025.15 0.6904 -0.4414 0.0918 0.1117 -0.3741 -0.7446
17025.203 0.6997 -0.4392 0.0750 0.0958 -0.3871 -0.7481
17025.266 0.6934 -0.4370 0.0728 0.1033 -0.3815 -0.7329
17025.309 0.6968 -0.4329 0.0676 0.0998 -0.3797 -0.7216
17025.353 0.6865 -0.4336 0.0488 0.1016 -0.3751 -0.7298
17025.417 0.6821 -0.4275 0.0632 0.0953 -0.3766 -0.7324
17025.46 0.6816 -0.4292 0.0454 0.0956 -0.3786 -0.7201
17025.523 0.6733 -0.4250 0.0657 0.0869 -0.3721 -0.7159
17025.553 0.6768 -0.4297 0.0566 0.0916 -0.3722 -0.7170
17025.621 0.6802 -0.4451 0.0378 0.0957 -0.3714 -0.7172
17025.665 0.6895 -0.4321 0.0142 0.1066 -0.3624 -0.7254
17025.709 0.7065 -0.4338 -0.0339 0.1117 -0.3611 -0.7241
17025.758 0.7070 -0.4385 -0.0859 0.1259 -0.3460 -0.7247
17025.829 0.7065 -0.4343 -0.0647 0.1115 -0.3437 -0.7172
17025.871 0.7051 -0.4341 -0.1040 0.1190 -0.3400 -0.7135
17025.921 0.6987 -0.4309 -0.0828 0.1303 -0.3354 -0.7113
17025.972 0.7031 -0.4189 -0.0674 0.1344 -0.3355 -0.7062
17026.023 0.7056 -0.4265 -0.0891 0.1272 -0.3309 -0.7120
17026.077 0.7158 -0.4292 -0.0767 0.1256 -0.3291 -0.7045
17026.12 0.7153 -0.4407 -0.1189 0.1269 -0.3230 -0.7042
17026.186 0.7188 -0.4492 -0.1289 0.1211 -0.3217 -0.7067
17026.222 0.7144 -0.4382 -0.1467 0.1209 -0.3323 -0.7174
17026.285 0.7158 -0.4478 -0.1431 0.1175 -0.3262 -0.7075
17026.332 0.7163 -0.4602 -0.1179 0.1240 -0.3149 -0.7038
17026.394 0.7139 -0.4521 -0.1270 0.1267 -0.3079 -0.7030
17026.426 0.7085 -0.4519 -0.1086 0.1214 -0.3018 -0.6998
17026.492 0.7061 -0.4438 -0.1069 0.1203 -0.3033 -0.7013
17026.536 0.7026 -0.4456 -0.0925 0.1144 -0.2987 -0.6986
17026.588 0.7178 -0.4551 -0.1123 0.1148 -0.3031 -0.7011
17026.639 0.7104 -0.4656 -0.1213 0.1218 -0.3032 -0.6879
17026.692 0.7139 -0.4614 -0.1313 0.1298 -0.2981 -0.6942
17026.739 0.7075 -0.4514 -0.1716 0.1311 -0.2954 -0.6877
17026.784 0.6963 -0.4668 -0.1699 0.1305 -0.2984 -0.6821
17026.844 0.7007 -0.4685 -0.1604 0.1347 -0.2956 -0.6803
17026.888 0.7021 -0.4575 -0.1802 0.1331 -0.2915 -0.6752
17026.953 0.6997 -0.4700 -0.1804 0.1311 -0.2868 -0.6811
17026.998 0.7100 -0.4746 -0.1523 0.1309 -0.2874 -0.6927
17027.063 0.7007 -0.4802 -0.2073 0.1365 -0.2832 -0.7023
17027.092 0.6982 -0.4985 -0.1763 0.1283 -0.2853 -0.7063
17027.153 0.6997 -0.4905 -0.2214 0.1325 -0.2821 -0.7126
17027.196 0.6963 -0.4922 -0.2295 0.1276 -0.2917 -0.7070
17027.249 0.6958 -0.4744 -0.2190 0.1222 -0.2957 -0.7205
17027.298 0.6924 -0.4907 -0.2241 0.1249 -0.2920 -0.7278
17027.35 0.6987 -0.4905 -0.1912 0.1262 -0.2945 -0.7175
17027.4 0.6885 -0.4932 -0.2168 0.1318 -0.3018 -0.7204
17027.451 0.6880 -0.4978 -0.2190 0.1374 -0.3057 -0.7220
17027.52 0.6895 -0.4897 -0.2388 0.1406 -0.3101 -0.7279
17027.561 0.6919 -0.4846 -0.2585 0.1343 -0.3117 -0.7342
17027.606 0.7041 -0.4697 -0.2705 0.1318 -0.3156 -0.7320
17027.657 0.7056 -0.4666 -0.2883 0.1288 -0.3009 -0.7350
17027.728 0.6953 -0.4810 -0.3013 0.1335 -0.2977 -0.7313
17027.756 0.6899 -0.4875 -0.3250 0.1257 -0.3036 -0.7228
17027.819 0.6934 -0.4863 -0.3115 0.1280 -0.2989 -0.7110
17027.86 0.7163 -0.4871 -0.3333 0.1254 -0.2938 -0.7255
17027.931 0.7207 -0.4712 -0.3647 0.1253 -0.2968 -0.7247
17027.975 0.7153 -0.4661 -0.3386 0.1233 -0.3041 -0.7219
17028.017 0.7090 -0.4746 -0.3799 0.1222 -0.2970 -0.7268
17028.077 0.7114 -0.4685 -0.3997 0.1125 -0.3086 -0.7217
17028.121 0.7188 -0.4663 -0.3774 0.1181 -0.3102 -0.7309
17028.172 0.7300 -0.4670 -0.3972 0.1113 -0.3098 -0.7368
17028.224 0.7305 -0.4697 -0.3936 0.1136 -0.3042 -0.7422
17028.277 0.7300 -0.4607 -0.4348 0.1149 -0.3082 -0.7351
17028.33 0.7344 -0.4585 -0.4458 0.1109 -0.3069 -0.7248
17028.392 0.7358 -0.4651 -0.4412 0.1170 -0.3122 -0.7287
17028.422 0.7383 -0.4580 -0.4512 0.1236 -0.2990 -0.7360
17028.487 0.7466 -0.4539 -0.4514 0.1272 -0.3015 -0.7357
17028.531 0.7500 -0.4575 -0.4692 0.1305 -0.3078 -0.7253
17028.582 0.7456 -0.4524 -0.4822 0.1356 -0.3032 -0.7298
17028.635 0.7480 -0.4473 -0.5381 0.1426 -0.2880 -0.7270
17028.684 0.7358 -0.4509 -0.5735 0.1511 -0.2934 -0.7305
17028.736 0.7314 -0.4663 -0.5942 0.1524 -0.2816 -0.7464
17028.785 0.7290 -0.4534 -0.5710 0.1503 -0.2860 -0.7489
17028.836 0.7148 -0.4521 -0.5732 0.1531 -0.2828 -0.7552
17028.885 0.7192 -0.4451 -0.5579 0.1448 -0.2796 -0.7544
17028.956 0.7354 -0.4487 -0.5815 0.1523 -0.2788 -0.7617
17028.988 0.7378 -0.4446 -0.5974 0.1560 -0.2894 -0.7499
17029.052 0.7432 -0.4639 -0.6309 0.1507 -0.2895 -0.7510
17029.096 0.7515 -0.4675 -0.6428 0.1539 -0.2834 -0.7483
17029.146 0.7510 -0.4673 -0.6440 0.1556 -0.2864 -0.7551
17029.195 0.7456 -0.4729 -0.6501 0.1584 -0.2889 -0.7619
17029.248 0.7559 -0.4883 -0.6553 0.1583 -0.2914 -0.7654
17029.299 0.7603 -0.4880 -0.7004 0.1615 -0.2916 -0.7760
17029.35 0.7617 -0.4849 -0.7007 0.1604 -0.2855 -0.7757
17029.401 0.7495 -0.4895 -0.6755 0.1626 -0.2932 -0.7768
17029.452 0.7402 -0.5049 -0.6885 0.1611 -0.2900 -0.7740
17029.503 0.7466 -0.5085 -0.6721 0.1557 -0.2858 -0.7575
17029.554 0.7480 -0.5151 -0.6733 0.1565 -0.2817 -0.7614
17029.606 0.7603 -0.5256 -0.6902 0.1464 -0.2770 -0.7649
17029.658 0.7686 -0.5332 -0.6963 0.1424 -0.2919 -0.7698
17029.709 0.7632 -0.5476 -0.6995 0.1461 -0.2992 -0.7699
17029.772 0.7607 -0.5474 -0.6802 0.1498 -0.3132 -0.7643
17029.812 0.7700 -0.5413 -0.6970 0.1549 -0.3076 -0.7568
17029.865 0.7744 -0.5254 -0.7168 0.1539 -0.3144 -0.7608
17029.918 0.7681 -0.5369 -0.7258 0.1518 -0.3097 -0.7681
17029.968 0.7646 -0.5376 -0.7271 0.1527 -0.3027 -0.7639
17030.019 0.7642 -0.5305 -0.7449 0.1544 -0.3023 -0.7688
17030.068 0.7705 -0.5332 -0.7393 0.1534 -0.3072 -0.7718
17030.133 0.7612 -0.5320 -0.7483 0.1475 -0.3183 -0.7743
17030.177 0.7803 -0.5317 -0.7388 0.1555 -0.3094 -0.7726
17030.222 0.7720 -0.5383 -0.7361 0.1596 -0.3067 -0.7803
17030.275 0.7803 -0.5400 -0.7412 0.1610 -0.3101 -0.7838
17030.326 0.7866 -0.5320 -0.7551 0.1489 -0.3217 -0.7873
17030.379 0.7939 -0.5425 -0.8013 0.1454 -0.3314 -0.7941
17030.43 0.7944 -0.5540 -0.8035 0.1477 -0.3415 -0.7942
17030.484 0.7949 -0.5596 -0.8057 0.1523 -0.3431 -0.7958
17030.526 0.8042 -0.5583 -0.8284 0.1460 -0.3456 -0.7964
17030.577 0.8027 -0.5591 -0.8579 0.1492 -0.3385 -0.7894
17030.649 0.8179 -0.5461 -0.8572 0.1467 -0.3334 -0.7924
17030.677 0.8154 -0.5479 -0.8770 0.1499 -0.3211 -0.7906
17030.741 0.8149 -0.5652 -0.8733 0.1536 -0.3232 -0.8089
17030.787 0.8174 -0.5591 -0.8657 0.1654 -0.3185 -0.8090
17030.836 0.8101 -0.5598 -0.8689 0.1700 -0.3220 -0.8211
17030.887 0.8252 -0.5596 -0.8867 0.1651 -0.3159 -0.8131
17030.936 0.8228 -0.5613 -0.8967 0.1617 -0.3198 -0.8132
17030.987 0.8096 -0.5581 -0.8882 0.1611 -0.3147 -0.8086
17031.038 0.8052 -0.5579 -0.8865 0.1691 -0.3148 -0.8025
17031.091 0.8115 -0.5508 -0.8779 0.1685 -0.3140 -0.7950
17031.14 0.8149 -0.5593 -0.8860 0.1616 -0.3156 -0.7990
17031.211 0.8271 -0.5669 -0.8774 0.1715 -0.3157 -0.7967
17031.244 0.8276 -0.5598 -0.8621 0.1762 -0.3149 -0.7849
17031.309 0.8096 -0.5645 -0.8525 0.1823 -0.3131 -0.7860
17031.354 0.8042 -0.5623 -0.8391 0.1778 -0.3189 -0.7843
17031.402 0.8027 -0.5659 -0.8394 0.1796 -0.3224 -0.7849
17031.455 0.8071 -0.5667 -0.8367 0.1728 -0.3220 -0.7826
17031.506 0.8057 -0.5693 -0.8027 0.1851 -0.3226 -0.7947
17031.557 0.8071 -0.5691 -0.7922 0.1788 -0.3085 -0.7943
17031.606 0.8076 -0.5767 -0.7778 0.1824 -0.3172 -0.7940
17031.651 0.8032 -0.5872 -0.7820 0.1852 -0.3178 -0.7960
17031.715 0.7988 -0.5898 -0.7646 0.1941 -0.3212 -0.7914
17031.76 0.8071 -0.5818 -0.7532 0.2031 -0.3128 -0.7815
17031.809 0.8096 -0.5884 -0.7632 0.2067 -0.3105 -0.7750
17031.862 0.8052 -0.5833 -0.7664 0.2138 -0.3125 -0.7794
17031.911 0.8066 -0.5742 -0.7461 0.2113 -0.3084 -0.7757
17031.964 0.8091 -0.5750 -0.7649 0.2197 -0.3094 -0.7840
17032.013 0.8105 -0.5630 -0.7563 0.2239 -0.3120 -0.7827
17032.065 0.7944 -0.5745 -0.7498 0.2180 -0.3126 -0.7771
17032.132 0.8018 -0.5947 -0.7559 0.2155 -0.3079 -0.7777
17032.174 0.7935 -0.5857 -0.7590 0.2206 -0.3090 -0.7893
17032.219 0.7891 -0.5942 -0.7798 0.2210 -0.3005 -0.7980
17032.27 0.7847 -0.6018 -0.8083 0.2080 -0.2963 -0.8053
17032.321 0.7607 -0.6123 -0.8096 0.2098 -0.2960 -0.8026
17032.372 0.7798 -0.6082 -0.7874 0.2139 -0.2971 -0.8022
17032.425 0.7861 -0.6050 -0.8042 0.2129 -0.3053 -0.7985
17032.476 0.7925 -0.6028 -0.7957 0.2170 -0.3131 -0.7977
17032.529 0.7891 -0.5928 -0.8057 0.2054 -0.3165 -0.8041
17032.578 0.7788 -0.5847 -0.7952 0.2025 -0.3143 -0.8056
17032.652 0.7793 -0.5952 -0.7759 0.1952 -0.3258 -0.8053
17032.676 0.7817 -0.5969 -0.7517 0.1869 -0.3212 -0.8026
17032.741 0.7939 -0.5898 -0.7461 0.1844 -0.3142 -0.8036
17032.778 0.7856 -0.5867 -0.7327 0.1776 -0.3129 -0.7976
17032.835 0.7852 -0.5952 -0.7280 0.1713 -0.3230 -0.7996
17032.881 0.7935 -0.5950 -0.7419 0.1678 -0.3231 -0.7940
17032.946 0.7900 -0.6035 -0.7539 0.1767 -0.3271 -0.7908
17032.99 0.7935 -0.6042 -0.7620 0.1833 -0.3224 -0.7957
17033.042 0.8135 -0.6099 -0.7651 0.1784 -0.3197 -0.7911
17033.095 0.8110 -0.6018 -0.7585 0.1916 -0.3217 -0.7941
17033.144 0.8135 -0.5928 -0.7607 0.1901 -0.3199 -0.7990
17033.197 0.8120 -0.6023 -0.7659 0.1818 -0.3167 -0.7991
17033.249 0.8115 -0.6089 -0.7612 0.1846 -0.3168 -0.7907
17033.3 0.8159 -0.6135 -0.7341 0.1959 -0.3198 -0.7989
17033.353 0.8086 -0.6270 -0.7021 0.1915 -0.3142 -0.8110
17033.402 0.7954 -0.6326 -0.7209 0.1995 -0.3191 -0.8126
17033.453 0.7900 -0.6392 -0.7349 0.1960 -0.3250 -0.8198
17033.504 0.7935 -0.6145 -0.7390 0.2059 -0.3303 -0.8176
17033.555 0.7969 -0.6006 -0.7168 0.2000 -0.3257 -0.8158
17033.604 0.7944 -0.6082 -0.7278 0.2037 -0.3139 -0.8269
17033.657 0.7900 -0.6030 -0.7329 0.2069 -0.3154 -0.8290
17033.706 0.7778 -0.6067 -0.7332 0.2082 -0.3237 -0.8248
17033.759 0.7686 -0.6055 -0.7529 0.2191 -0.3233 -0.8259
17033.808 0.7505 -0.5906 -0.7434 0.2237 -0.3211 -0.8461
17033.86 0.7510 -0.5952 -0.7261 0.2260 -0.3174 -0.8534
17033.912 0.7466 -0.5930 -0.7244 0.2211 -0.3170 -0.8592
17033.965 0.7412 -0.5859 -0.6934 0.2167 -0.3147 -0.8632
17034.014 0.7339 -0.5906 -0.7092 0.2094 -0.3211 -0.8566
17034.069 0.7393 -0.5835 -0.6948 0.2174 -0.3183 -0.8572
17034.116 0.7339 -0.5793 -0.7078 0.2110 -0.3170 -0.8607
17034.167 0.7246 -0.5762 -0.6846 0.2195 -0.3353 -0.8666
17034.219 0.7261 -0.5720 -0.6663 0.2184 -0.3340 -0.8596
17034.271 0.7217 -0.5669 -0.6792 0.2135 -0.3255 -0.8640
17034.32 0.7056 -0.5540 -0.6746 0.2091 -0.3271 -0.8512
17034.371 0.7070 -0.5596 -0.6787 0.2080 -0.3315 -0.8528
17034.442 0.7124 -0.5681 -0.6555 0.2074 -0.3287 -0.8472
17034.47 0.7129 -0.5757 -0.6450 0.2039 -0.3351 -0.8416
17034.534 0.7095 -0.5764 -0.6521 0.2119 -0.3447 -0.8441
17034.576 0.7178 -0.5781 -0.6260 0.2123 -0.3458 -0.8452
17034.648 0.7241 -0.5808 -0.6321 0.2050 -0.3440 -0.8568
17034.673 0.7207 -0.5786 -0.6255 0.2006 -0.3461 -0.8498
17034.738 0.7241 -0.5784 -0.6443 0.1947 -0.3510 -0.8504
17034.801 0.7354 -0.5762 -0.6455 0.1922 -0.3563 -0.8381
17034.829 0.7388 -0.5828 -0.6780 0.2021 -0.3469 -0.8488
17034.893 0.7334 -0.5825 -0.6772 0.1991 -0.3427 -0.8546
17034.937 0.7339 -0.5852 -0.6912 0.2037 -0.3395 -0.8591
17034.987 0.7363 -0.5879 -0.6709 0.1917 -0.3482 -0.8630
17035.039 0.7427 -0.6013 -0.6458 0.1916 -0.3484 -0.8708
17035.092 0.7510 -0.6030 -0.6343 0.1933 -0.3494 -0.8661
17035.143 0.7671 -0.5881 -0.6238 0.1904 -0.3467 -0.8730
17035.214 0.7627 -0.5908 -0.6221 0.1936 -0.3583 -0.8769
17035.24 0.7778 -0.5828 -0.5901 0.1973 -0.3608 -0.8780
17035.304 0.7568 -0.5815 -0.5640 0.2076 -0.3604 -0.8729
17035.35 0.7446 -0.5862 -0.5564 0.2061 -0.3544 -0.8854
17035.399 0.7432 -0.5684 -0.5479 0.1907 -0.3535 -0.8961
17035.45 0.7573 -0.5701 -0.5237 0.1944 -0.3508 -0.9014
17035.519 0.7529 -0.5659 -0.5210 0.1938 -0.3519 -0.9030
17035.552 0.7427 -0.5540 -0.5095 0.1931 -0.3472 -0.8969
17035.598 0.7402 -0.5527 -0.5186 0.1968 -0.3473 -0.9023
17035.668 0.7476 -0.5535 -0.5061 0.1910 -0.3470 -0.8905
17035.711 0.7529 -0.5728 -0.4907 0.1894 -0.3452 -0.8969
17035.754 0.7563 -0.5627 -0.4812 0.1960 -0.3391 -0.8994
17035.806 0.7627 -0.5752 -0.4922 0.1896 -0.3416 -0.9162
17035.856 0.7700 -0.5769 -0.5051 0.1781 -0.3408 -0.9149
17035.926 0.7783 -0.5864 -0.4976 0.1765 -0.3290 -0.9198
17035.959 0.7681 -0.5745 -0.5144 0.1802 -0.3305 -0.9228
17036.022 0.7705 -0.5879 -0.5244 0.1753 -0.3464 -0.9172
17036.066 0.7603 -0.5886 -0.5247 0.1785 -0.3494 -0.9274
17036.128 0.7715 -0.5923 -0.5483 0.1712 -0.3448 -0.9313
17036.171 0.7661 -0.6038 -0.5505 0.1716 -0.3363 -0.9300
17036.223 0.7744 -0.6006 -0.5723 0.1710 -0.3460 -0.9302
17036.269 0.7739 -0.6082 -0.5520 0.1651 -0.3399 -0.9351
17036.322 0.7676 -0.6108 -0.5415 0.1664 -0.3343 -0.9328
17036.373 0.7729 -0.6125 -0.5291 0.1744 -0.3330 -0.9396
17036.426 0.7783 -0.6162 -0.5488 0.1686 -0.3250 -0.9465
17036.478 0.7866 -0.5964 -0.5149 0.1737 -0.3160 -0.9509
17036.528 0.7715 -0.6030 -0.5249 0.1764 -0.3209 -0.9544
17036.58 0.7651 -0.6008 -0.5154 0.1720 -0.3297 -0.9602
17036.633 0.7725 -0.5850 -0.4971 0.1743 -0.3240 -0.9513
17036.698 0.7759 -0.5769 -0.4817 0.1765 -0.3289 -0.9586
17036.727 0.7773 -0.5737 -0.4878 0.1711 -0.3343 -0.9587
17036.792 0.7837 -0.5911 -0.4724 0.1724 -0.3373 -0.9579
17036.836 0.7871 -0.5889 -0.4805 0.1771 -0.3303 -0.9585
17036.889 0.7905 -0.5896 -0.4778 0.1660 -0.3342 -0.9691
17036.94 0.7764 -0.5884 -0.4692 0.1649 -0.3296 -0.9650
17036.991 0.7847 -0.6125 -0.4666 0.1676 -0.3397 -0.9718
17037.04 0.8037 -0.6221 -0.4600 0.1699 -0.3351 -0.9843
17037.091 0.8042 -0.6160 -0.4465 0.1636 -0.3423 -0.9969
17037.142 0.8086 -0.6235 -0.4419 0.1563 -0.3386 -1.0046
17037.195 0.8013 -0.6213 -0.4314 0.1557 -0.3440 -1.0081
17037.244 0.7930 -0.6162 -0.4258 0.1570 -0.3394 -1.0154
17037.296 0.7896 -0.6287 -0.4260 0.1526 -0.3543 -1.0122
17037.347 0.7939 -0.6372 -0.4380 0.1491 -0.3477 -1.0114
17037.398 0.8120 -0.6418 -0.4470 0.1332 -0.3459 -1.0158
17037.449 0.8115 -0.6406 -0.4473 0.1302 -0.3575 -1.0221
17037.502 0.8003 -0.6423 -0.4592 0.1334 -0.3514 -1.0213
17037.55 0.8037 -0.6392 -0.4546 0.1367 -0.3458 -1.0286
17037.603 0.8120 -0.6379 -0.4470 0.1356 -0.3555 -1.0359
17037.654 0.8076 -0.6309 -0.4453 0.1335 -0.3509 -1.0413
17037.71 0.8267 -0.6521 -0.4495 0.1363 -0.3400 -1.0376
17037.751 0.8369 -0.6519 -0.4546 0.1385 -0.3406 -1.0406
17037.815 0.8345 -0.6350 -0.4197 0.1403 -0.3417 -1.0474
17037.855 0.8477 -0.6387 -0.3896 0.1335 -0.3404 -1.0394
17037.928 0.8442 -0.6423 -0.4348 0.1358 -0.3353 -1.0410
17037.958 0.8320 -0.6470 -0.4321 0.1418 -0.3359 -1.0302
17038.02 0.8315 -0.6594 -0.4255 0.1431 -0.3384 -1.0332
17038.064 0.8350 -0.6641 -0.4150 0.1363 -0.3390 -1.0405
17038.129 0.8198 -0.6677 -0.4114 0.1410 -0.3324 -1.0425
17038.173 0.8223 -0.6597 -0.4204 0.1494 -0.3340 -1.0379
17038.215 0.8052 -0.6643 -0.4128 0.1441 -0.3446 -1.0375
17038.282 0.7998 -0.6670 -0.3916 0.1487 -0.3333 -1.0334
17038.319 0.8101 -0.6589 -0.3850 0.1471 -0.3234 -1.0345
17038.384 0.8174 -0.6558 -0.3989 0.1470 -0.3206 -1.0360
17038.425 0.8169 -0.6584 -0.3855 0.1540 -0.3355 -1.0338
17038.475 0.8184 -0.6611 -0.3896 0.1592 -0.3395 -1.0320
17038.528 0.8188 -0.6726 -0.3528 0.1524 -0.3353 -1.0364
17038.577 0.8066 -0.6841 -0.3540 0.1618 -0.3163 -1.0366
17038.63 0.8022 -0.6731 -0.3718 0.1612 -0.3155 -1.0434
17038.679 0.8145 -0.6660 -0.3770 0.1629 -0.3161 -1.0397
17038.732 0.8276 -0.6746 -0.3684 0.1566 -0.3120 -1.0427
17038.777 0.8184 -0.6792 -0.3784 0.1603 -0.3116 -1.0409
17038.837 0.8228 -0.6799 -0.3748 0.1545 -0.3117 -1.0334
17038.88 0.8291 -0.6797 -0.3906 0.1562 -0.3138 -1.0388
17038.94 0.8120 -0.6765 -0.4094 0.1480 -0.3277 -1.0480
17038.991 0.8125 -0.6831 -0.4185 0.1503 -0.3207 -1.0458
17039.035 0.8052 -0.6838 -0.4109 0.1535 -0.3342 -1.0478
17039.086 0.8047 -0.6836 -0.4004 0.1553 -0.3386 -1.0475
17039.139 0.7964 -0.6843 -0.4202 0.1518 -0.3459 -1.0500
17039.209 0.7910 -0.6724 -0.4194 0.1526 -0.3465 -1.0554
17039.243 0.7749 -0.6545 -0.4128 0.1439 -0.3471 -1.0459
17039.309 0.7607 -0.6504 -0.3955 0.1481 -0.3524 -1.0456
17039.344 0.7593 -0.6443 -0.4036 0.1393 -0.3506 -1.0491
17039.41 0.7686 -0.6519 -0.4019 0.1321 -0.3565 -1.0464
17039.454 0.7593 -0.6292 -0.3777 0.1324 -0.3638 -1.0465
17039.498 0.7637 -0.6367 -0.3672 0.1256 -0.3677 -1.0519
17039.551 0.7651 -0.6287 -0.3948 0.1279 -0.3669 -1.0577
17039.602 0.7617 -0.6216 -0.4067 0.1316 -0.3608 -1.0560
17039.653 0.7632 -0.6272 -0.4011 0.1276 -0.3643 -1.0561
17039.702 0.7646 -0.6367 -0.3887 0.1308 -0.3582 -1.0653
17039.751 0.7749 -0.6394 -0.3713 0.1283 -0.3535 -1.0583
17039.804 0.7852 -0.6333 -0.3716 0.1167 -0.3484 -1.0646
17039.858 0.7817 -0.6438 -0.3650 0.1218 -0.3400 -1.0700
17039.908 0.7813 -0.6318 -0.3350 0.1236 -0.3406 -1.0744
17039.959 0.7856 -0.6335 -0.3362 0.1345 -0.3407 -1.0664
17040.01 0.7871 -0.6401 -0.3364 0.1453 -0.3384 -1.0747
17040.063 0.7964 -0.6340 -0.3386 0.1466 -0.3433 -1.0825
17040.127 0.8115 -0.6240 -0.3662 0.1465 -0.3468 -1.0816
17040.165 0.8179 -0.6316 -0.3723 0.1497 -0.3383 -1.0722
17040.217 0.8262 -0.6479 -0.3647 0.1424 -0.3380 -1.0752
17040.266 0.8335 -0.6487 -0.3699 0.1452 -0.3305 -1.0844
17040.32 0.8379 -0.6445 -0.3672 0.1565 -0.3396 -1.0855
17040.373 0.8569 -0.6462 -0.3567 0.1597 -0.3340 -1.0794
17040.422 0.8594 -0.6392 -0.3335 0.1558 -0.3361 -1.0696
17040.473 0.8540 -0.6379 -0.3445 0.1499 -0.3434 -1.0678
17040.524 0.8604 -0.6367 -0.3623 0.1526 -0.3459 -1.0617
17040.577 0.8608 -0.6306 -0.3557 0.1649 -0.3531 -1.0604
17040.628 0.8438 -0.6401 -0.3286 0.1696 -0.3623 -1.0701
17040.681 0.8550 -0.6370 -0.3123 0.1756 -0.3539 -1.0679
17040.732 0.8525 -0.6279 -0.3096 0.1731 -0.3588 -1.0680
17040.782 0.8706 -0.6238 -0.3059 0.1649 -0.3493 -1.0691
17040.833 0.8506 -0.6274 -0.2944 0.1605 -0.3528 -1.0759
17040.884 0.8560 -0.6262 -0.2605 0.1575 -0.3582 -1.0641
17040.937 0.8584 -0.6221 -0.2734 0.1559 -0.3483 -1.0628
17040.988 0.8569 -0.6248 -0.2668 0.1443 -0.3489 -1.0605
17041.037 0.8584 -0.6313 -0.2690 0.1351 -0.3433 -1.0593
17041.09 0.8706 -0.6399 -0.2429 0.1345 -0.3401 -1.0646
17041.141 0.8809 -0.6387 -0.2227 0.1306 -0.3478 -1.0586
17041.192 0.8882 -0.6208 -0.2463 0.1357 -0.3456 -1.0530
17041.258 0.8955 -0.6392 -0.2485 0.1528 -0.3486 -1.0498
17041.285 0.9019 -0.6360 -0.2283 0.1617 -0.3525 -1.0585
17041.343 0.8916 -0.6309 -0.2109 0.1587 -0.3455 -1.0605
17041.394 0.9077 -0.6384 -0.2288 0.1667 -0.3546 -1.0607
17041.447 0.9063 -0.6265 -0.2427 0.1604 -0.3610 -1.0680
17041.498 0.9136 -0.6155 -0.2654 0.1574 -0.3611 -1.0686
17041.55 0.9238 -0.6016 -0.2891 0.1553 -0.3646 -1.0740
17041.603 0.9165 -0.5896 -0.2952 0.1523 -0.3599 -1.0779
17041.652 0.9121 -0.5933 -0.3120 0.1570 -0.3624 -1.0723
17041.705 0.9028 -0.5901 -0.3289 0.1621 -0.3688 -1.0744
17041.777 0.9043 -0.5967 -0.3682 0.1744 -0.3593 -1.0850
17041.803 0.9067 -0.5935 -0.3977 0.1609 -0.3680 -1.0875
17041.86 0.9014 -0.5913 -0.3960 0.1589 -0.3648 -1.0910
17041.917 0.8970 -0.5803 -0.3923 0.1444 -0.3669 -1.1050
17041.96 0.8984 -0.5830 -0.4141 0.1429 -0.3737 -1.1180
17042.011 0.8911 -0.5730 -0.4114 0.1489 -0.3809 -1.1219
17042.06 0.8984 -0.5610 -0.4146 0.1526 -0.3897 -1.1230
17042.123 0.8970 -0.5715 -0.4207 0.1334 -0.4008 -1.1255
17042.165 0.8945 -0.5605 -0.4150 0.1195 -0.4047 -1.1328
17042.214 0.8960 -0.5554 -0.4211 0.1255 -0.4020 -1.1382
17042.265 0.8994 -0.5493 -0.4272 0.1187 -0.3983 -1.1407
17042.316 0.8804 -0.5403 -0.4187 0.1100 -0.3955 -1.1404
17042.37 0.8809 -0.5420 -0.4131 0.0903 -0.3894 -1.1539
17042.421 0.8804 -0.5525 -0.4182 0.0911 -0.3843 -1.1607
17042.473 0.8896 -0.5571 -0.4048 0.0877 -0.3835 -1.1627
17042.524 0.8960 -0.5647 -0.4041 0.0737 -0.3874 -1.1705
17042.577 0.8945 -0.5635 -0.4180 0.0698 -0.3895 -1.1640
17042.628 0.8892 -0.5593 -0.4104 0.0653 -0.3924 -1.1684
17042.679 0.8965 -0.5601 -0.4194 0.0657 -0.3983 -1.1747
17042.728 0.8892 -0.5559 -0.4275 0.0532 -0.3941 -1.1772
17042.779 0.8984 -0.5654 -0.4023 0.0564 -0.3785 -1.1731
17042.829 0.8970 -0.5613 -0.3850 0.0467 -0.3758 -1.1727
17042.88 0.8936 -0.5532 -0.3979 0.0351 -0.3797 -1.1715
17042.931 0.8999 -0.5588 -0.3738 0.0460 -0.3722 -1.1744
17042.982 0.8945 -0.5713 -0.3818 0.0468 -0.3814 -1.1751
17043.035 0.8921 -0.5750 -0.3635 0.0476 -0.3920 -1.1699
17043.088 0.9053 -0.5854 -0.3716 0.0446 -0.3917 -1.1644
17043.139 0.9058 -0.5872 -0.3630 0.0364 -0.3884 -1.1588
17043.192 0.9131 -0.5850 -0.3789 0.0348 -0.3929 -1.1579
17043.243 0.9253 -0.5867 -0.3723 0.0376 -0.3920 -1.1643
17043.295 0.9355 -0.5933 -0.3745 0.0403 -0.3917 -1.1673
17043.349 0.9370 -0.5999 -0.3660 0.0521 -0.3913 -1.1684
17043.392 0.9326 -0.5996 -0.3877 0.0596 -0.3905 -1.1671
17043.445 0.9253 -0.6023 -0.4084 0.0552 -0.3906 -1.1796
17043.496 0.9307 -0.6147 -0.3940 0.0522 -0.3974 -1.1764
17043.547 0.9341 -0.6252 -0.4128 0.0578 -0.4061 -1.1780
17043.598 0.9492 -0.6270 -0.3955 0.0515 -0.4015 -1.1729
17043.649 0.9478 -0.6365 -0.3899 0.0623 -0.4002 -1.1821
17043.701 0.9629 -0.6470 -0.3950 0.0636 -0.4160 -1.1769
17043.752 0.9507 -0.6448 -0.4089 0.0501 -0.4162 -1.1780
17043.805 0.9404 -0.6631 -0.3896 0.0557 -0.4158 -1.1710
17043.854 0.9429 -0.6609 -0.4006 0.0637 -0.4183 -1.1750
17043.907 0.9395 -0.6646 -0.4341 0.0679 -0.4094 -1.1842
17043.958 0.9487 -0.6672 -0.4099 0.0606 -0.4085 -1.1857
17044.01 0.9395 -0.6787 -0.4258 0.0543 -0.4010 -1.1840
17044.054 0.9478 -0.6892 -0.4084 0.0589 -0.3997 -1.1788
17044.116 0.9463 -0.6782 -0.4390 0.0602 -0.3994 -1.1780
17044.162 0.9497 -0.6750 -0.4285 0.0634 -0.4000 -1.1653
17044.211 0.9512 -0.6680 -0.4355 0.0528 -0.4139 -1.1606
17044.283 0.9487 -0.6541 -0.4622 0.0622 -0.4150 -1.1608
17044.311 0.9414 -0.6626 -0.4419 0.0611 -0.4209 -1.1476
17044.374 0.9380 -0.6458 -0.4705 0.0543 -0.4272 -1.1572
17044.416 0.9424 -0.6396 -0.4844 0.0499 -0.4211 -1.1640
17044.485 0.9341 -0.6511 -0.4817 0.0417 -0.4189 -1.1775
17044.526 0.9307 -0.6509 -0.4771 0.0511 -0.4276 -1.1848
17044.57 0.9409 -0.6575 -0.5056 0.0548 -0.4191 -1.1845
17044.631 0.9326 -0.6514 -0.5313 0.0508 -0.4264 -1.1856
17044.674 0.9341 -0.6501 -0.5383 0.0579 -0.4246 -1.1786
17044.725 0.9404 -0.6421 -0.5229 0.0701 -0.4252 -1.1753
17044.77 0.9458 -0.6428 -0.5398 0.0681 -0.4153 -1.1822
17044.827 0.9336 -0.6523 -0.5547 0.0708 -0.4169 -1.1928
17044.874 0.9282 -0.6511 -0.5618 0.0783 -0.4246 -1.1953
17044.937 0.9375 -0.6509 -0.5796 0.0739 -0.4171 -1.1902
17044.98 0.9526 -0.6448 -0.5662 0.0714 -0.4215 -1.1975
17045.031 0.9580 -0.6367 -0.5713 0.0780 -0.4202 -1.1976
17045.08 0.9478 -0.6267 -0.5725 0.0755 -0.4242 -1.2021
17045.133 0.9561 -0.6294 -0.5728 0.0763 -0.4224 -1.2022
17045.203 0.9575 -0.6292 -0.5593 0.0671 -0.4201 -1.2095
17045.236 0.9443 -0.6338 -0.5889 0.0698 -0.4226 -1.2115
17045.299 0.9409 -0.6414 -0.6145 0.0649 -0.4170 -1.2145
17045.34 0.9463 -0.6421 -0.6226 0.0700 -0.4167 -1.2275
17045.393 0.9604 -0.6555 -0.6384 0.0752 -0.4120 -1.2286
17045.444 0.9629 -0.6582 -0.6406 0.0798 -0.4050 -1.2331
17045.497 0.9575 -0.6648 -0.6331 0.0806 -0.4042 -1.2399
17045.548 0.9609 -0.6763 -0.6694 0.0800 -0.4081 -1.2390
17045.613 0.9478 -0.6926 -0.6628 0.0813 -0.4030 -1.2392
17045.654 0.9551 -0.7021 -0.6836 0.0879 -0.3921 -1.2417
17045.705 0.9487 -0.7087 -0.6917 0.0987 -0.3832 -1.2485
17045.766 0.9434 -0.7036 -0.7095 0.1005 -0.3823 -1.2448
17045.807 0.9419 -0.7209 -0.7058 0.0928 -0.3892 -1.2517
17045.847 0.9502 -0.7314 -0.7305 0.1065 -0.3940 -1.2422
17045.918 0.9380 -0.7371 -0.7395 0.0987 -0.3966 -1.2395
17045.958 0.9463 -0.7310 -0.7456 0.1043 -0.3967 -1.2468
17046.008 0.9458 -0.7327 -0.7703 0.0975 -0.4001 -1.2517
17046.058 0.9502 -0.7285 -0.8154 0.0978 -0.3950 -1.2542
17046.122 0.9302 -0.7449 -0.8284 0.0939 -0.4028 -1.2644
17046.163 0.9229 -0.7446 -0.8325 0.1052 -0.4029 -1.2702
17046.212 0.9185 -0.7493 -0.8318 0.1027 -0.3959 -1.2732
17046.266 0.9248 -0.7510 -0.8672 0.1031 -0.3979 -1.2634
17046.316 0.9126 -0.7585 -0.8850 0.0972 -0.4028 -1.2582
17046.366 0.9355 -0.7612 -0.9019 0.0976 -0.4029 -1.2674
17046.419 0.9497 -0.7551 -0.9060 0.1065 -0.4097 -1.2700
17046.468 0.9541 -0.7637 -0.9053 0.1121 -0.4065 -1.2753
17046.521 0.9517 -0.7595 -0.9348 0.1301 -0.4243 -1.2788
17046.572 0.9678 -0.7554 -0.9292 0.1333 -0.4249 -1.2799
17046.625 0.9702 -0.7483 -0.9353 0.1332 -0.4250 -1.2781
17046.674 0.9658 -0.7686 -0.9873 0.1297 -0.4237 -1.2845
17046.727 0.9565 -0.7664 -0.9963 0.1224 -0.4186 -1.2903
17046.776 0.9443 -0.7827 -0.9917 0.1209 -0.4192 -1.3034
17046.829 0.9575 -0.7747 -1.0095 0.1217 -0.4145 -1.3102
17046.882 0.9590 -0.7666 -1.0225 0.1206 -0.4170 -1.3136
17046.934 0.9585 -0.7781 -1.0344 0.1143 -0.4110 -1.3076
17046.974 0.9551 -0.7759 -1.0659 0.1027 -0.4092 -1.3063
17047.044 0.9507 -0.7776 -1.0740 0.0968 -0.4169 -1.3055
17047.087 0.9492 -0.7676 -1.0518 0.0996 -0.4199 -1.3127
17047.138 0.9517 -0.7751 -1.0901 0.1004 -0.4253 -1.3052
17047.198 0.9551 -0.7720 -1.1147 0.1060 -0.4254 -1.3140
17047.241 0.9536 -0.7620 -1.1560 0.0997 -0.4308 -1.3127
17047.283 0.9619 -0.7607 -1.1953 0.1115 -0.4462 -1.3138
17047.335 0.9741 -0.7507 -1.2004 0.1113 -0.4516 -1.3168
17047.406 0.9795 -0.7563 -1.2144 0.1131 -0.4498 -1.3207
17047.437 0.9731 -0.7688 -1.2156 0.1168 -0.4523 -1.3185
17047.5 0.9717 -0.7656 -1.2334 0.1191 -0.4567 -1.3157
17047.542 0.9761 -0.7693 -1.2434 0.1213 -0.4645 -1.3183
17047.592 0.9707 -0.7808 -1.2476 0.1169 -0.4646 -1.3155
17047.643 0.9771 -0.7737 -1.2126 0.1072 -0.4690 -1.3161
17047.694 0.9717 -0.7666 -1.2002 0.1095 -0.4710 -1.3201
17047.771 0.9897 -0.7615 -1.2083 0.1060 -0.4716 -1.3178
17047.794 0.9883 -0.7651 -1.1948 0.1073 -0.4703 -1.3161
17047.853 0.9878 -0.7629 -1.1980 0.0991 -0.4671 -1.3124
17047.905 0.9883 -0.7549 -1.2324 0.1071 -0.4706 -1.3020
17047.966 0.9829 -0.7634 -1.2600 0.1050 -0.4631 -1.3002
17048.006 0.9844 -0.7729 -1.2856 0.1044 -0.4603 -1.3047
17048.056 0.9897 -0.7649 -1.2781 0.0981 -0.4628 -1.3077
17048.117 0.9971 -0.7773 -1.2793 0.0894 -0.4630 -1.3169
17048.158 0.9917 -0.7820 -1.3284 0.0974 -0.4607 -1.3308
17048.207 0.9805 -0.7817 -1.3530 0.1082 -0.4675 -1.3257
17048.258 0.9761 -0.7766 -1.3826 0.1062 -0.4671 -1.3330
17048.331 0.9785 -0.7725 -1.3770 0.1070 -0.4730 -1.3322
17048.359 0.9731 -0.7654 -1.3850 0.1040 -0.4736 -1.3338
17048.421 0.9766 -0.7651 -1.3784 0.1163 -0.4871 -1.3449
17048.465 0.9839 -0.7717 -1.4128 0.1038 -0.4924 -1.3421
17048.516 0.9893 -0.7705 -1.4287 0.1008 -0.4988 -1.3571
17048.567 0.9917 -0.7703 -1.4543 0.1045 -0.4989 -1.3563
17048.636 1.0010 -0.7544 -1.4692 0.1005 -0.4981 -1.3664
17048.679 0.9819 -0.7639 -1.4578 0.1004 -0.5068 -1.3656
17048.722 0.9707 -0.7773 -1.4736 0.0965 -0.5160 -1.3834
17048.773 0.9731 -0.7712 -1.4807 0.0882 -0.5185 -1.3821
17048.824 0.9717 -0.7827 -1.4731 0.0781 -0.5153 -1.3860
17048.877 0.9644 -0.7629 -1.4587 0.0770 -0.5063 -1.3962
17048.928 0.9629 -0.7686 -1.4648 0.0821 -0.5045 -1.3978
17048.981 0.9751 -0.7839 -1.4788 0.0906 -0.5066 -1.3945
17049.032 0.9551 -0.7710 -1.4585 0.0885 -0.5124 -1.3909
17049.085 0.9507 -0.7942 -1.4832 0.0865 -0.5192 -1.3934
17049.136 0.9473 -0.7920 -1.4609 0.0888 -0.5265 -1.3911
17049.184 0.9536 -0.7820 -1.4729 0.0934 -0.5285 -1.3894
17049.235 0.9609 -0.7769 -1.4644 0.0995 -0.5182 -1.3847
17049.288 0.9595 -0.7678 -1.4656 0.0965 -0.5226 -1.3715
17049.337 0.9521 -0.7646 -1.4844 0.0849 -0.5299 -1.3831
17049.39 0.9644 -0.7800 -1.4905 0.0891 -0.5305 -1.3837
17049.442 0.9600 -0.7739 -1.5073 0.0832 -0.5339 -1.3791
17049.491 0.9712 -0.7727 -1.5017 0.0888 -0.5336 -1.3730
17049.542 0.9727 -0.7666 -1.5254 0.0863 -0.5342 -1.3769
17049.594 0.9780 -0.7664 -1.5295 0.0957 -0.5300 -1.3771
17049.646 0.9756 -0.7710 -1.5337 0.1013 -0.5292 -1.3782
17049.697 0.9702 -0.7737 -1.5496 0.0955 -0.5283 -1.3697
17049.749 0.9658 -0.7725 -1.5664 0.0963 -0.5218 -1.3665
17049.8 0.9634 -0.7820 -1.5999 0.0957 -0.5257 -1.3581
17049.86 0.9590 -0.7837 -1.6333 0.0865 -0.5249 -1.3563
17049.904 0.9575 -0.7708 -1.6541 0.0868 -0.5245 -1.3488
17049.964 0.9551 -0.7783 -1.6416 0.0772 -0.5247 -1.3608
17050.006 0.9604 -0.7800 -1.6497 0.0799 -0.5248 -1.3715
17050.055 0.9570 -0.7720 -1.6587 0.0769 -0.5235 -1.3707
17050.107 0.9614 -0.7610 -1.6785 0.0844 -0.5198 -1.3827
17050.157 0.9658 -0.7686 -1.6875 0.0838 -0.5256 -1.3900
17050.21 0.9790 -0.7781 -1.7053 0.0832 -0.5229 -1.3859
17050.259 0.9736 -0.7827 -1.7173 0.0817 -0.5211 -1.3903
17050.309 0.9712 -0.7756 -1.7498 0.0720 -0.5231 -1.3928
17050.36 0.9756 -0.7705 -1.7578 0.0762 -0.5304 -1.4101
17050.411 0.9731 -0.7751 -1.7668 0.0779 -0.5305 -1.4165
17050.462 0.9707 -0.7739 -1.7710 0.0869 -0.5211 -1.4142
17050.531 0.9692 -0.7727 -1.7839 0.0805 -0.5189 -1.4086
17050.562 0.9648 -0.7510 -1.8027 0.0756 -0.5085 -1.4107
17050.625 0.9644 -0.7488 -1.8186 0.0736 -0.5115 -1.4160
17050.666 0.9658 -0.7583 -1.8335 0.0644 -0.5016 -1.4138
17050.738 0.9634 -0.7717 -1.8484 0.0724 -0.5070 -1.4125
17050.777 0.9717 -0.7744 -1.8633 0.0775 -0.5181 -1.4179
17050.837 0.9849 -0.7722 -1.8840 0.0726 -0.5296 -1.4237
17050.867 0.9766 -0.7769 -1.8872 0.0816 -0.5269 -1.4153
17050.925 0.9878 -0.7825 -1.9080 0.0790 -0.5323 -1.4202
17050.976 0.9854 -0.7891 -1.9365 0.0818 -0.5352 -1.4175
17051.029 0.9917 -0.8005 -1.9534 0.0907 -0.5401 -1.4195
17051.08 0.9971 -0.7817 -1.9536 0.0935 -0.5436 -1.4106
17051.131 0.9878 -0.7834 -1.9587 0.0962 -0.5370 -1.3997
17051.182 0.9912 -0.7832 -1.9668 0.1118 -0.5238 -1.4013
17051.235 0.9878 -0.7859 -1.9719 0.1207 -0.5316 -1.4076
17051.284 0.9883 -0.7935 -2.0093 0.1240 -0.5331 -1.4054
17051.334 0.9849 -0.7903 -2.0242 0.1219 -0.5242 -1.4036
17051.385 0.9854 -0.7930 -2.0332 0.1232 -0.5296 -1.4071
17051.434 0.9800 -0.7869 -2.0305 0.1188 -0.5287 -1.4206
17051.504 0.9766 -0.8003 -2.0317 0.1087 -0.5212 -1.4178
17051.542 0.9839 -0.8010 -2.0398 0.1133 -0.5185 -1.4185
17051.595 0.9805 -0.8057 -2.0439 0.1046 -0.5143 -1.4286
17051.646 0.9692 -0.8054 -2.0442 0.0983 -0.5211 -1.4221
17051.697 0.9805 -0.8052 -2.0542 0.1062 -0.5126 -1.4208
17051.748 0.9966 -0.8127 -2.0740 0.1099 -0.5118 -1.4228
17051.802 0.9824 -0.8271 -2.0869 0.1036 -0.5100 -1.4244
17051.864 0.9653 -0.8201 -2.0979 0.1092 -0.5087 -1.4336
17051.894 0.9629 -0.8101 -2.1099 0.0981 -0.5127 -1.4390
17051.96 0.9751 -0.8010 -2.1189 0.0942 -0.5080 -1.4319
17052.002 0.9795 -0.8066 -2.1064 0.0902 -0.4962 -1.4244
17052.051 0.9751 -0.7957 -2.1174 0.0762 -0.4959 -1.4265
17052.113 0.9697 -0.7925 -2.1274 0.0823 -0.5027 -1.4276
17052.155 0.9653 -0.8040 -2.1550 0.0898 -0.5190 -1.4306
17052.206 0.9590 -0.7969 -2.1836 0.0997 -0.5177 -1.4288
17052.255 0.9683 -0.8044 -2.2053 0.1005 -0.5245 -1.4342
