17060.27 0.0054 0.0020 0.0098 0.0027 -0.0092 -0.0020
17060.315 0.0205 0.0049 0.0107 0.0050 -0.0089 0.0041
17060.351 0.0229 0.0146 0.0273 0.0097 -0.0162 0.0092
17060.401 0.0400 0.0225 0.0332 0.0177 -0.0249 0.0115
17060.451 0.0435 0.0273 0.0488 0.0123 -0.0217 0.0071
17060.522 0.0479 0.0254 0.0576 0.0136 -0.0218 0.0185
17060.547 0.0464 0.0156 0.0693 0.0092 -0.0229 0.0246
17060.606 0.0400 0.0107 0.0771 0.0187 -0.0254 0.0240
17060.655 0.0464 0.0068 0.0850 0.0257 -0.0265 0.0330
17060.706 0.0518 0.0186 0.0781 0.0313 -0.0267 0.0338
17060.755 0.0688 0.0039 0.0811 0.0350 -0.0244 0.0375
17060.808 0.0723 -0.0049 0.1025 0.0521 -0.0193 0.0470
17060.857 0.0649 -0.0137 0.1270 0.0486 -0.0199 0.0550
17060.908 0.0723 0.0010 0.0947 0.0523 -0.0234 0.0573
17060.959 0.0649 -0.0078 0.1094 0.0584 -0.0255 0.0591
17061.01 0.0703 -0.0059 0.0938 0.0636 -0.0180 0.0523
17061.056 0.0854 -0.0117 0.1006 0.0654 -0.0191 0.0679
17061.106 0.0781 -0.0166 0.1035 0.0586 -0.0125 0.0755
17061.157 0.0767 -0.0146 0.1084 0.0608 -0.0246 0.0749
17061.207 0.0674 -0.0166 0.1143 0.0631 -0.0271 0.0662
17061.256 0.0776 -0.0010 0.1582 0.0592 -0.0277 0.0775
17061.309 0.0791 -0.0137 0.1768 0.0581 -0.0407 0.0793
17061.359 0.0815 -0.0156 0.1836 0.0637 -0.0433 0.0826
17061.41 0.0879 -0.0049 0.2012 0.0717 -0.0396 0.0825
17061.46 0.0874 -0.0029 0.1992 0.0802 -0.0435 0.0819
17061.509 0.0703 0.0039 0.1904 0.0825 -0.0408 0.0851
17061.56 0.0757 0.0059 0.2217 0.0843 -0.0395 0.0879
17061.606 0.0635 0.0068 0.2178 0.0827 -0.0330 0.0854
17061.657 0.0737 0.0000 0.2324 0.0788 -0.0512 0.0848
17061.708 0.0732 0.0098 0.2344 0.0801 -0.0409 0.0804
17061.758 0.0669 -0.0010 0.2363 0.0819 -0.0487 0.0956
17061.807 0.0684 -0.0117 0.2295 0.0827 -0.0631 0.0845
17061.858 0.0679 0.0039 0.2520 0.0893 -0.0671 0.0754
17061.907 0.0752 -0.0039 0.2490 0.0973 -0.0696 0.0724
17061.96 0.0991 0.0039 0.2539 0.0929 -0.0673 0.0828
17062.009 0.1055 0.0088 0.2559 0.0885 -0.0684 0.0917
17062.06 0.1030 0.0088 0.2715 0.0922 -0.0476 0.1012
17062.109 0.1094 0.0117 0.2871 0.1112 -0.0458 0.1102
17062.16 0.1040 0.0039 0.2979 0.1130 -0.0335 0.1186
17062.212 0.0996 0.0127 0.2959 0.1095 -0.0394 0.1123
17062.265 0.1157 0.0088 0.2773 0.1118 -0.0372 0.1075
17062.317 0.1152 0.0146 0.2520 0.1341 -0.0421 0.1212
17062.362 0.1304 0.0303 0.2637 0.1373 -0.0436 0.1244
17062.412 0.1416 0.0332 0.2480 0.1281 -0.0495 0.1348
17062.463 0.1460 0.0332 0.2324 0.1314 -0.0530 0.1385
17062.513 0.1465 0.0146 0.2402 0.1394 -0.0560 0.1351
17062.564 0.1499 0.0313 0.2451 0.1435 -0.0561 0.1464
17062.614 0.1494 0.0342 0.2490 0.1339 -0.0544 0.1430
17062.666 0.1558 0.0283 0.2822 0.1276 -0.0473 0.1419
17062.71 0.1533 0.0195 0.2969 0.1227 -0.0532 0.1466
17062.775 0.1743 0.0381 0.3105 0.1316 -0.0576 0.1446
17062.815 0.1768 0.0381 0.3115 0.1306 -0.0654 0.1502
17062.865 0.1841 0.0303 0.3135 0.1224 -0.0741 0.1435
17062.918 0.1924 0.0313 0.3271 0.1284 -0.0714 0.1524
17062.964 0.2056 0.0420 0.3223 0.1317 -0.0758 0.1642
17063.015 0.2031 0.0449 0.3428 0.1282 -0.0846 0.1584
17063.066 0.1919 0.0469 0.3662 0.1348 -0.0938 0.1631
17063.117 0.1982 0.0430 0.3682 0.1399 -0.0930 0.1706
17063.171 0.1929 0.0420 0.3594 0.1312 -0.0888 0.1672
17063.217 0.2070 0.0264 0.4258 0.1364 -0.0870 0.1828
17063.266 0.2183 0.0234 0.4170 0.1319 -0.0805 0.1861
17063.316 0.2266 0.0342 0.3936 0.1328 -0.0844 0.1879
17063.367 0.2397 0.0225 0.4219 0.1341 -0.0879 0.1954
17063.418 0.2432 0.0283 0.3965 0.1440 -0.0933 0.1972
17063.469 0.2485 0.0234 0.4316 0.1515 -0.1011 0.1923
17063.512 0.2559 0.0264 0.4229 0.1567 -0.1055 0.1984
17063.563 0.2700 0.0342 0.4219 0.1623 -0.1066 0.2021
17063.614 0.2803 0.0244 0.4639 0.1693 -0.1072 0.1958
17063.663 0.2856 0.0381 0.4766 0.1745 -0.1045 0.1943
17063.714 0.3105 0.0391 0.4893 0.1791 -0.1013 0.2018
17063.763 0.3149 0.0566 0.4873 0.1761 -0.1110 0.2079
17063.817 0.3359 0.0635 0.5215 0.1756 -0.1202 0.2236
17063.867 0.3589 0.0674 0.5342 0.1793 -0.1136 0.2378
17063.919 0.3848 0.0645 0.4785 0.1777 -0.0999 0.2410
17063.969 0.3755 0.0723 0.5117 0.1642 -0.0943 0.2447
17064.021 0.3721 0.0684 0.4834 0.1641 -0.0935 0.2508
17064.062 0.3638 0.0557 0.4932 0.1726 -0.0999 0.2550
17064.124 0.3896 0.0439 0.5088 0.1773 -0.1038 0.2573
17064.169 0.3882 0.0303 0.5303 0.1872 -0.1016 0.2687
17064.217 0.4023 0.0234 0.5732 0.1842 -0.1199 0.2585
17064.267 0.4116 0.0186 0.5693 0.1826 -0.1333 0.2594
17064.318 0.4189 0.0098 0.5947 0.1864 -0.1359 0.2521
17064.388 0.4194 -0.0088 0.5518 0.1853 -0.1408 0.2449
17064.415 0.4219 -0.0039 0.6016 0.1728 -0.1452 0.2491
17064.478 0.4360 0.0000 0.5781 0.1736 -0.1473 0.2580
17064.521 0.4443 -0.0107 0.5957 0.1783 -0.1512 0.2637
17064.573 0.4565 0.0068 0.6016 0.1863 -0.1695 0.2645
17064.625 0.4648 0.0254 0.6016 0.1943 -0.1801 0.2506
17064.672 0.4819 0.0303 0.6045 0.1942 -0.1841 0.2486
17064.719 0.4951 0.0166 0.6035 0.1931 -0.1794 0.2518
17064.769 0.5054 0.0381 0.6123 0.1954 -0.1743 0.2479
17064.822 0.5098 0.0420 0.6250 0.1900 -0.1854 0.2463
17064.873 0.5005 0.0479 0.6387 0.2018 -0.1789 0.2553
17064.923 0.5098 0.0527 0.6416 0.1993 -0.1800 0.2538
17064.977 0.4976 0.0322 0.6406 0.2040 -0.1692 0.2627
17065.025 0.5000 0.0420 0.6865 0.1967 -0.1755 0.2617
17065.078 0.4868 0.0400 0.6729 0.2028 -0.1747 0.2659
17065.125 0.4863 0.0381 0.6660 0.2041 -0.1829 0.2620
17065.174 0.4995 0.0332 0.6816 0.2069 -0.1793 0.2599
17065.224 0.5186 0.0322 0.6855 0.2158 -0.1770 0.2532
17065.273 0.5239 0.0391 0.7061 0.2257 -0.1800 0.2659
17065.326 0.5332 0.0420 0.7090 0.2280 -0.1763 0.2697
17065.379 0.5396 0.0566 0.7275 0.2331 -0.1812 0.2724
17065.43 0.5449 0.0371 0.7559 0.2411 -0.1943 0.2680
17065.472 0.5464 0.0391 0.7744 0.2434 -0.2063 0.2670
17065.521 0.5439 0.0352 0.7920 0.2504 -0.2108 0.2712
17065.592 0.5464 0.0254 0.8389 0.2565 -0.2085 0.2753
17065.635 0.5527 0.0225 0.8535 0.2540 -0.1986 0.2733
17065.679 0.5532 0.0244 0.8838 0.2563 -0.2054 0.2756
17065.73 0.5537 0.0117 0.9014 0.2576 -0.2118 0.2760
17065.772 0.5552 0.0137 0.9248 0.2537 -0.2167 0.2783
17065.834 0.5537 0.0088 0.9688 0.2517 -0.2240 0.2806
17065.874 0.5640 0.0049 0.9629 0.2444 -0.2246 0.2790
17065.939 0.5615 0.0244 0.9727 0.2462 -0.2257 0.2808
17065.974 0.5708 0.0107 0.9727 0.2384 -0.2273 0.2884
17066.041 0.5840 -0.0088 0.9941 0.2345 -0.2255 0.2897
17066.084 0.5854 -0.0059 1.0225 0.2339 -0.2199 0.2925
17066.131 0.5908 0.0020 1.0283 0.2348 -0.2239 0.2881
17066.181 0.6099 0.0020 1.0371 0.2285 -0.2393 0.2798
17066.23 0.6143 0.0020 1.0557 0.2341 -0.2466 0.2845
17066.281 0.6187 -0.0068 1.0820 0.2349 -0.2419 0.2887
17066.333 0.6328 -0.0146 1.1230 0.2305 -0.2464 0.2905
17066.382 0.6167 -0.0107 1.1357 0.2313 -0.2470 0.2980
17066.433 0.6191 -0.0225 1.1406 0.2365 -0.2376 0.3037
17066.482 0.6255 -0.0176 1.1211 0.2426 -0.2306 0.3031
17066.533 0.6406 -0.0303 1.1309 0.2372 -0.2388 0.3001
17066.583 0.6255 -0.0332 1.1436 0.2404 -0.2304 0.3115
17066.652 0.6279 -0.0273 1.1279 0.2413 -0.2191 0.3099
17066.697 0.6274 -0.0254 1.1602 0.2426 -0.2235 0.3170
17066.745 0.6436 -0.0254 1.1660 0.2439 -0.2255 0.3159
17066.79 0.6372 -0.0313 1.1777 0.2552 -0.2271 0.3158
17066.839 0.6406 -0.0342 1.1719 0.2632 -0.2253 0.2986
17066.91 0.6353 -0.0391 1.1816 0.2593 -0.2388 0.3032
17066.955 0.6396 -0.0352 1.1885 0.2554 -0.2518 0.2902
17067.003 0.6284 -0.0342 1.1875 0.2572 -0.2529 0.2963
17067.051 0.6455 -0.0137 1.1982 0.2537 -0.2512 0.2939
17067.102 0.6558 -0.0039 1.2354 0.2498 -0.2575 0.2933
17067.153 0.6650 -0.0117 1.2393 0.2530 -0.2619 0.2951
17067.204 0.6714 -0.0283 1.2500 0.2577 -0.2564 0.3026
17067.255 0.6748 -0.0313 1.2598 0.2690 -0.2508 0.3054
17067.305 0.6792 -0.0313 1.2627 0.2761 -0.2585 0.3129
17067.358 0.6758 -0.0293 1.2871 0.2712 -0.2620 0.3190
17067.407 0.6724 -0.0244 1.2842 0.2801 -0.2746 0.3141
17067.458 0.6826 -0.0234 1.3066 0.2772 -0.2752 0.3050
17067.509 0.6646 -0.0225 1.3359 0.2818 -0.2868 0.2987
17067.559 0.6611 -0.0283 1.3584 0.2850 -0.2783 0.3019
17067.612 0.6587 -0.0195 1.3486 0.2902 -0.2932 0.3051
17067.664 0.6553 -0.0186 1.3770 0.2996 -0.2953 0.3189
17067.715 0.6626 -0.0215 1.4004 0.2985 -0.3102 0.2992
17067.767 0.6660 -0.0195 1.3916 0.3185 -0.3132 0.3001
17067.82 0.6704 -0.0234 1.4033 0.3226 -0.3210 0.2947
17067.872 0.6816 -0.0117 1.4482 0.3268 -0.3378 0.3022
17067.925 0.6860 -0.0117 1.4795 0.3215 -0.3327 0.3002
17067.973 0.6885 -0.0117 1.5059 0.3132 -0.3324 0.3097
17068.026 0.6909 -0.0225 1.5205 0.3088 -0.3363 0.3158
17068.141 0.6982 -0.0176 1.5557 0.3040 -0.3374 0.3181
17068.143 0.7017 -0.0225 1.5957 0.3100 -0.3504 0.3285
17068.17 0.7188 -0.0283 1.6260 0.3061 -0.3515 0.3255
17068.227 0.7300 -0.0215 1.6445 0.3074 -0.3665 0.3335
17068.276 0.7256 -0.0146 1.6738 0.3073 -0.3738 0.3262
17068.329 0.7427 -0.0234 1.7119 0.3139 -0.3820 0.3300
17068.38 0.7646 -0.0088 1.7529 0.3171 -0.3855 0.3279
17068.432 0.7700 -0.0264 1.7813 0.3175 -0.3980 0.3374
17068.483 0.7686 -0.0254 1.7842 0.3279 -0.3920 0.3616
17068.533 0.7700 -0.0244 1.7920 0.3163 -0.3859 0.3668
17068.582 0.7676 -0.0205 1.8076 0.3148 -0.3875 0.3662
17068.633 0.7739 -0.0283 1.8135 0.3156 -0.3976 0.3680
17068.682 0.7695 -0.0234 1.8047 0.3098 -0.4073 0.3674
17068.781 0.7534 -0.0146 1.8193 0.3211 -0.4094 0.3697
17068.787 0.7568 -0.0137 1.8506 0.3195 -0.4124 0.3691
17068.853 0.7710 -0.0127 1.8701 0.3094 -0.4211 0.3557
17068.894 0.7803 0.0020 1.8965 0.3122 -0.4241 0.3532
17068.945 0.7827 -0.0107 1.9258 0.3135 -0.4300 0.3602
17068.996 0.7842 -0.0137 1.9473 0.3081 -0.4277 0.3658
17069.047 0.7886 -0.0176 1.9629 0.3094 -0.4293 0.3634
17069.098 0.7725 -0.0098 1.9844 0.3155 -0.4347 0.3704
17069.169 0.7788 -0.0039 1.9971 0.3126 -0.4429 0.3732
17069.197 0.7881 -0.0186 2.0039 0.3062 -0.4450 0.3702
17069.261 0.8052 -0.0195 2.0537 0.3080 -0.4456 0.3692
17069.304 0.8164 -0.0176 2.0898 0.3108 -0.4557 0.3657
17069.355 0.8218 -0.0039 2.1016 0.3002 -0.4511 0.3732
17069.406 0.8125 0.0039 2.1094 0.3048 -0.4536 0.3741
17069.458 0.8022 0.0078 2.1631 0.2971 -0.4523 0.3749
17069.501 0.8223 0.0029 2.1807 0.3060 -0.4525 0.3705
17069.552 0.8198 0.0107 2.1895 0.3179 -0.4607 0.3671
17069.605 0.8174 0.0039 2.1934 0.3163 -0.4776 0.3751
17069.656 0.8101 0.0078 2.2100 0.3081 -0.4825 0.3841
17069.706 0.8262 0.0020 2.2402 0.3027 -0.4917 0.3825
17069.757 0.8335 -0.0020 2.2607 0.3040 -0.4999 0.3882
17069.806 0.8320 0.0068 2.3096 0.3116 -0.5039 0.3919
17069.859 0.8433 0.0127 2.3066 0.3000 -0.5107 0.3966
17069.908 0.8389 -0.0010 2.3438 0.2980 -0.5037 0.3936
17069.959 0.8433 0.0098 2.3301 0.2969 -0.5009 0.4030
17070.01 0.8496 0.0146 2.3447 0.3102 -0.5082 0.4091
17070.055 0.8394 0.0234 2.3613 0.3210 -0.5065 0.4062
17070.118 0.8457 0.0244 2.3750 0.3347 -0.5138 0.4166
17070.162 0.8462 0.0273 2.3857 0.3351 -0.5130 0.4298
17070.213 0.8594 0.0371 2.4043 0.3374 -0.5202 0.4369
17070.263 0.8589 0.0381 2.4111 0.3439 -0.5213 0.4349
17070.312 0.8662 0.0439 2.4424 0.3381 -0.5138 0.4381
17070.362 0.8579 0.0596 2.4697 0.3351 -0.5130 0.4342
17070.413 0.8672 0.0547 2.4658 0.3355 -0.5289 0.4226
17070.464 0.8765 0.0752 2.4805 0.3464 -0.5319 0.4268
17070.514 0.8926 0.0703 2.4990 0.3348 -0.5368 0.4272
17070.563 0.8970 0.0732 2.5264 0.3356 -0.5432 0.4247
17070.616 0.9043 0.0752 2.5469 0.3446 -0.5519 0.4341
17070.667 0.9116 0.0762 2.5840 0.3574 -0.5597 0.4441
17070.716 0.9160 0.0752 2.6279 0.3644 -0.5660 0.4459
17070.786 0.9282 0.0654 2.6211 0.3652 -0.5666 0.4448
17070.83 0.9316 0.0498 2.6406 0.3709 -0.5715 0.4466
17070.871 0.9263 0.0547 2.6787 0.3741 -0.5831 0.4441
17070.935 0.9307 0.0586 2.6875 0.3868 -0.5828 0.4455
17070.98 0.9272 0.0693 2.6973 0.3839 -0.5729 0.4420
17071.029 0.9219 0.0645 2.7197 0.3876 -0.5778 0.4496
17071.08 0.9194 0.0674 2.7344 0.3836 -0.5732 0.4590
17071.131 0.9072 0.0654 2.7549 0.3854 -0.5728 0.4551
17071.182 0.9028 0.0703 2.8135 0.3782 -0.5782 0.4521
17071.231 0.9004 0.0693 2.8418 0.3781 -0.5731 0.4620
17071.282 0.9116 0.0820 2.8848 0.3880 -0.5752 0.4667
17071.331 0.9248 0.0654 2.9043 0.3912 -0.5848 0.4637
17071.381 0.9282 0.0654 2.9072 0.4040 -0.5878 0.4679
17071.435 0.9434 0.0723 2.9336 0.3981 -0.5970 0.4688
17071.486 0.9409 0.0635 2.9453 0.4013 -0.5977 0.4711
17071.537 0.9346 0.0605 2.9834 0.3984 -0.6011 0.4714
17071.586 0.9341 0.0664 3.0117 0.3925 -0.6113 0.4584
17071.657 0.9551 0.0625 3.0420 0.3981 -0.6114 0.4655
17071.7 0.9556 0.0322 3.0762 0.3980 -0.6178 0.4659
17071.742 0.9580 0.0195 3.1045 0.3984 -0.6222 0.4677
17071.789 0.9712 0.0225 3.1387 0.4021 -0.6099 0.4700
17071.847 0.9658 0.0293 3.1240 0.4149 -0.6106 0.4703
17071.902 0.9800 0.0225 3.1563 0.4129 -0.6174 0.4731
17071.954 0.9844 0.0107 3.1650 0.4194 -0.6304 0.4792
17071.999 0.9761 0.0234 3.1865 0.4222 -0.6386 0.4791
17072.05 0.9795 0.0186 3.1953 0.4225 -0.6521 0.4714
17072.114 0.9712 0.0195 3.2256 0.4196 -0.6532 0.4775
17072.149 0.9707 0.0088 3.2441 0.4109 -0.6500 0.4774
17072.211 0.9741 0.0225 3.2871 0.4074 -0.6411 0.4730
17072.254 0.9814 0.0254 3.3242 0.3977 -0.6508 0.4738
17072.303 0.9888 0.0137 3.3467 0.4038 -0.6485 0.4771
17072.356 0.9834 0.0195 3.3760 0.4066 -0.6415 0.4722
17072.408 0.9790 0.0322 3.3838 0.4036 -0.6407 0.4878
17072.458 0.9756 0.0244 3.4063 0.3983 -0.6370 0.4815
17072.507 0.9644 0.0215 3.4443 0.4015 -0.6496 0.4857
17072.56 0.9746 0.0186 3.4609 0.4057 -0.6435 0.4890
17072.609 0.9741 0.0176 3.4756 0.4046 -0.6446 0.4903
17072.659 0.9805 0.0273 3.4834 0.4050 -0.6428 0.5026
17072.712 0.9956 0.0264 3.4941 0.4072 -0.6401 0.5030
17072.763 0.9893 0.0195 3.5313 0.4128 -0.6417 0.5095
17072.814 0.9985 0.0137 3.5400 0.4266 -0.6451 0.5056
17072.864 0.9922 0.0166 3.5742 0.4312 -0.6467 0.5194
17072.917 0.9868 0.0127 3.5938 0.4445 -0.6564 0.5178
17072.968 0.9951 0.0205 3.6182 0.4506 -0.6613 0.5234
17073.017 1.0171 0.0000 3.6299 0.4509 -0.6595 0.5181
17073.068 1.0156 0.0098 3.6396 0.4341 -0.6587 0.5156
17073.119 1.0249 0.0107 3.6318 0.4383 -0.6641 0.5169
17073.173 1.0322 0.0117 3.6172 0.4367 -0.6604 0.5106
17073.223 1.0435 -0.0088 3.6289 0.4481 -0.6706 0.5177
17073.276 1.0381 -0.0176 3.6094 0.4618 -0.6774 0.5195
17073.325 1.0376 -0.0205 3.6270 0.4598 -0.6780 0.5180
17073.376 1.0488 -0.0215 3.6084 0.4654 -0.6867 0.5169
17073.427 1.0581 -0.0273 3.5947 0.4667 -0.6793 0.5225
17073.48 1.0615 -0.0293 3.5986 0.4690 -0.6760 0.5148
17073.531 1.0718 -0.0303 3.6162 0.4646 -0.6795 0.5238
17073.574 1.0811 -0.0449 3.6045 0.4664 -0.6863 0.5122
17073.644 1.0864 -0.0439 3.6191 0.4706 -0.6855 0.5059
17073.688 1.1064 -0.0508 3.6240 0.4728 -0.6900 0.5082
17073.732 1.1060 -0.0391 3.6289 0.4756 -0.6858 0.5176
17073.782 1.1152 -0.0361 3.6465 0.4869 -0.6797 0.5237
17073.831 1.1167 -0.0254 3.6396 0.4887 -0.6813 0.5236
17073.884 1.1123 -0.0254 3.6357 0.4886 -0.6834 0.5211
17073.933 1.1167 -0.0293 3.6416 0.4809 -0.6892 0.5182
17074.004 1.1260 -0.0391 3.6602 0.4846 -0.6803 0.5290
17074.043 1.1284 -0.0449 3.6602 0.4892 -0.6833 0.5313
17074.092 1.1328 -0.0439 3.6523 0.4834 -0.6825 0.5455
17074.143 1.1567 -0.0596 3.6670 0.4876 -0.6883 0.5478
17074.196 1.1543 -0.0635 3.6846 0.4956 -0.7028 0.5563
17074.245 1.1519 -0.0693 3.6836 0.5069 -0.6958 0.5452
17074.298 1.1641 -0.0723 3.6797 0.5130 -0.6983 0.5551
17074.347 1.1714 -0.0742 3.6729 0.5110 -0.6980 0.5584
17074.4 1.1787 -0.0811 3.6572 0.5056 -0.6881 0.5688
17074.449 1.1685 -0.0830 3.6475 0.5079 -0.6834 0.5739
17074.502 1.1748 -0.0938 3.6289 0.5020 -0.6888 0.5843
17074.552 1.1909 -0.0947 3.6445 0.5072 -0.6899 0.5823
17074.604 1.1865 -0.1094 3.6211 0.5028 -0.6886 0.5812
17074.654 1.1909 -0.1133 3.6289 0.5060 -0.6983 0.5831
17074.703 1.1826 -0.1113 3.6582 0.4911 -0.6985 0.5839
17074.77 1.1860 -0.1035 3.6816 0.4843 -0.6957 0.5933
17074.809 1.1875 -0.0938 3.6885 0.4899 -0.7011 0.5894
17074.861 1.1890 -0.1074 3.6992 0.4850 -0.7046 0.5884
17074.911 1.2041 -0.1074 3.7090 0.4916 -0.7100 0.5892
17074.963 1.2075 -0.1113 3.7236 0.4943 -0.7087 0.5977
17075.013 1.2070 -0.1045 3.7305 0.5042 -0.7064 0.6029
17075.065 1.2036 -0.0977 3.7314 0.5089 -0.7085 0.5999
17075.118 1.1895 -0.1201 3.7373 0.5035 -0.7124 0.5993
17075.186 1.2065 -0.1250 3.7412 0.5068 -0.7102 0.5992
17075.218 1.1982 -0.1270 3.7510 0.5062 -0.7208 0.5972
17075.264 1.1938 -0.1152 3.7334 0.4994 -0.7243 0.6105
17075.336 1.1895 -0.1123 3.7344 0.5036 -0.7264 0.6185
17075.366 1.2095 -0.1104 3.7207 0.5044 -0.7241 0.6250
17075.43 1.2119 -0.1182 3.7178 0.4995 -0.7304 0.6292
17075.472 1.2075 -0.1211 3.7158 0.5061 -0.7387 0.6310
17075.522 1.1963 -0.1230 3.7383 0.5017 -0.7422 0.6319
17075.572 1.1860 -0.1260 3.7607 0.5154 -0.7466 0.6351
17075.624 1.1934 -0.1289 3.7539 0.5234 -0.7372 0.6369
17075.675 1.2095 -0.1152 3.7490 0.5223 -0.7474 0.6368
17075.726 1.2061 -0.1182 3.7734 0.5151 -0.7494 0.6434
17075.777 1.2183 -0.1045 3.7734 0.5255 -0.7391 0.6462
17075.847 1.2246 -0.1016 3.7803 0.5244 -0.7468 0.6499
17075.877 1.2085 -0.0977 3.7754 0.5138 -0.7479 0.6479
17075.943 1.2236 -0.0967 3.8154 0.5108 -0.7485 0.6492
17075.986 1.2407 -0.0928 3.8398 0.5264 -0.7420 0.6462
17076.038 1.2529 -0.0879 3.8652 0.5297 -0.7426 0.6371
17076.087 1.2544 -0.0967 3.8721 0.5477 -0.7509 0.6370
17076.14 1.2588 -0.1045 3.8926 0.5504 -0.7648 0.6359
17076.192 1.2661 -0.1016 3.8994 0.5613 -0.7669 0.6353
17076.243 1.2725 -0.1104 3.9063 0.5726 -0.7599 0.6381
17076.294 1.2847 -0.1006 3.9258 0.5816 -0.7576 0.6390
17076.346 1.2715 -0.0996 3.9463 0.5805 -0.7549 0.6384
17076.397 1.2759 -0.1064 3.9912 0.5880 -0.7541 0.6330
17076.448 1.2881 -0.1074 4.0049 0.5760 -0.7599 0.6348
17076.499 1.2935 -0.1104 4.0283 0.5702 -0.7610 0.6405
17076.55 1.2813 -0.1191 4.0693 0.5610 -0.7583 0.6427
17076.599 1.2915 -0.1299 4.1006 0.5537 -0.7499 0.6488
17076.652 1.2959 -0.1250 4.1104 0.5440 -0.7400 0.6526
17076.703 1.3091 -0.1172 4.1240 0.5473 -0.7454 0.6534
17076.756 1.3203 -0.1104 4.1396 0.5534 -0.7517 0.6457
17076.807 1.3198 -0.1045 4.1533 0.5547 -0.7518 0.6398
17076.869 1.3281 -0.0908 4.1816 0.5660 -0.7510 0.6393
17076.913 1.3286 -0.0850 4.2168 0.5640 -0.7612 0.6310
17076.963 1.3418 -0.0840 4.2471 0.5801 -0.7737 0.6429
17077.007 1.3384 -0.0879 4.2578 0.5838 -0.7839 0.6485
17077.056 1.3535 -0.0771 4.2852 0.5813 -0.7893 0.6474
17077.107 1.3589 -0.0791 4.3096 0.5941 -0.7989 0.6450
17077.159 1.3506 -0.0850 4.3350 0.5987 -0.8067 0.6420
17077.208 1.3481 -0.0781 4.3691 0.5977 -0.8145 0.6381
17077.279 1.3379 -0.0811 4.3838 0.6066 -0.8099 0.6346
17077.309 1.3442 -0.0859 4.3926 0.6132 -0.8119 0.6412
17077.372 1.3506 -0.0791 4.3789 0.6131 -0.8230 0.6421
17077.414 1.3472 -0.0996 4.3828 0.6163 -0.8212 0.6334
17077.466 1.3584 -0.0840 4.4102 0.6157 -0.8085 0.6357
17077.515 1.3813 -0.0918 4.4033 0.6113 -0.8277 0.6441
17077.568 1.3857 -0.1016 4.4150 0.6098 -0.8331 0.6517
17077.637 1.3843 -0.0898 4.4414 0.6077 -0.8337 0.6525
17077.678 1.3916 -0.0938 4.4492 0.6076 -0.8234 0.6505
17077.73 1.3921 -0.0938 4.4756 0.5946 -0.8168 0.6399
17077.773 1.4004 -0.0859 4.5049 0.5921 -0.8112 0.6322
17077.833 1.4058 -0.0771 4.5293 0.5930 -0.8090 0.6340
17077.875 1.4180 -0.0928 4.5430 0.5986 -0.8044 0.6310
17077.928 1.4146 -0.0898 4.5410 0.5947 -0.8188 0.6276
17077.979 1.4111 -0.0869 4.5811 0.6031 -0.8223 0.6284
17078.029 1.4048 -0.0811 4.6025 0.6116 -0.8243 0.6250
17078.079 1.4014 -0.0830 4.6123 0.6048 -0.8402 0.6254
17078.151 1.4028 -0.0850 4.6123 0.6142 -0.8461 0.6238
17078.179 1.3867 -0.0830 4.6035 0.6170 -0.8410 0.6304
17078.241 1.3804 -0.0898 4.5977 0.6245 -0.8402 0.6332
17078.285 1.3896 -0.0830 4.5957 0.6172 -0.8508 0.6197
17078.334 1.3970 -0.0840 4.6299 0.6205 -0.8505 0.6296
17078.404 1.3877 -0.0859 4.6328 0.6189 -0.8468 0.6333
17078.448 1.3979 -0.1016 4.6387 0.6188 -0.8526 0.6490
17078.497 1.4004 -0.0918 4.6279 0.6096 -0.8499 0.6412
17078.55 1.4106 -0.0840 4.6367 0.6067 -0.8496 0.6268
17078.601 1.3984 -0.0908 4.6465 0.6099 -0.8593 0.6282
17078.644 1.4097 -0.0801 4.6289 0.6188 -0.8613 0.6281
17078.713 1.4072 -0.0859 4.6377 0.6197 -0.8667 0.6289
17078.755 1.4146 -0.0791 4.6523 0.6134 -0.8635 0.6321
17078.803 1.4209 -0.0762 4.6221 0.6156 -0.8646 0.6359
17078.845 1.4224 -0.0596 4.6221 0.6117 -0.8642 0.6310
17078.901 1.4180 -0.0420 4.6006 0.6087 -0.8653 0.6385
17078.954 1.4233 -0.0498 4.6240 0.6053 -0.8683 0.6523
17079.002 1.4199 -0.0264 4.6123 0.6128 -0.8599 0.6517
17079.053 1.4243 -0.0195 4.6250 0.6127 -0.8548 0.6478
17079.102 1.4248 -0.0117 4.6484 0.6226 -0.8683 0.6529
17079.173 1.4341 0.0078 4.6748 0.6301 -0.8727 0.6509
17079.219 1.4297 -0.0010 4.6689 0.6300 -0.8728 0.6479
17079.26 1.4263 -0.0059 4.6787 0.6251 -0.8763 0.6555
17079.325 1.4189 -0.0049 4.6729 0.6260 -0.8836 0.6453
17079.368 1.4175 0.0068 4.6992 0.6325 -0.8823 0.6390
17079.417 1.4336 0.0117 4.7080 0.6415 -0.8782 0.6408
17079.467 1.4292 0.0166 4.7061 0.6428 -0.8888 0.6393
17079.518 1.4326 0.0068 4.7314 0.6494 -0.8923 0.6397
17079.566 1.4429 0.0156 4.7227 0.6473 -0.8972 0.6353
17079.618 1.4502 0.0078 4.7354 0.6520 -0.8954 0.6333
17079.669 1.4536 0.0000 4.7500 0.6633 -0.8884 0.6341
17079.72 1.4561 0.0059 4.8037 0.6489 -0.8871 0.6369
17079.769 1.4556 -0.0039 4.8115 0.6521 -0.8892 0.6511
17079.82 1.4443 -0.0068 4.8193 0.6511 -0.8931 0.6510
17079.89 1.4370 -0.0049 4.8457 0.6357 -0.8880 0.6504
17079.919 1.4414 -0.0068 4.8652 0.6294 -0.8905 0.6518
17079.983 1.4487 -0.0127 4.8857 0.6259 -0.9078 0.6388
17080.042 1.4521 -0.0078 4.8916 0.6287 -0.9190 0.6406
17080.076 1.4526 -0.0107 4.8828 0.6281 -0.9205 0.6419
17080.135 1.4521 0.0000 4.8740 0.6265 -0.9178 0.6447
17080.178 1.4585 -0.0117 4.8584 0.6279 -0.9175 0.6469
17080.242 1.4580 -0.0146 4.8691 0.6411 -0.9009 0.6478
17080.285 1.4624 -0.0137 4.8906 0.6486 -0.8991 0.6453
17080.348 1.4648 -0.0205 4.8984 0.6590 -0.9098 0.6409
17080.39 1.4634 -0.0117 4.9063 0.6608 -0.9137 0.6408
17080.442 1.4668 -0.0098 4.9092 0.6745 -0.9215 0.6464
17080.491 1.4751 -0.0039 4.9111 0.6754 -0.9226 0.6430
17080.541 1.4795 -0.0049 4.9053 0.6724 -0.9280 0.6510
17080.591 1.5024 0.0068 4.9346 0.6742 -0.9238 0.6466
17080.643 1.5049 0.0078 4.9590 0.6793 -0.9211 0.6475
17080.696 1.5093 0.0098 4.9512 0.6764 -0.9184 0.6459
17080.771 1.5186 0.0127 4.9893 0.6791 -0.9228 0.6473
17080.788 1.5220 0.0049 5.0039 0.6933 -0.9258 0.6486
17080.868 1.5400 0.0078 5.0049 0.6918 -0.9307 0.6523
17080.891 1.5610 0.0107 5.0029 0.7045 -0.9332 0.6636
17080.954 1.5566 0.0098 5.0176 0.7058 -0.9372 0.6659
17080.995 1.5688 0.0049 5.0322 0.7072 -0.9431 0.6682
17081.047 1.5732 -0.0020 5.0420 0.7013 -0.9437 0.6729
17081.117 1.5776 -0.0039 5.0605 0.7065 -0.9486 0.6699
17081.161 1.5801 0.0000 5.0605 0.7168 -0.9554 0.6684
17081.211 1.5825 0.0049 5.0762 0.7129 -0.9641 0.6726
17081.255 1.5820 -0.0029 5.0762 0.7080 -0.9643 0.6839
17081.306 1.5796 -0.0029 5.0869 0.7151 -0.9630 0.6905
17081.359 1.6006 -0.0068 5.0850 0.7240 -0.9607 0.6875
17081.41 1.6138 -0.0127 5.0752 0.7253 -0.9637 0.6803
17081.462 1.6299 -0.0127 5.0898 0.7233 -0.9701 0.6859
17081.514 1.6528 -0.0137 5.0674 0.7280 -0.9673 0.6839
17081.565 1.6494 -0.0146 5.0781 0.7231 -0.9632 0.6809
17081.614 1.6440 -0.0068 5.0850 0.7158 -0.9652 0.6851
17081.665 1.6572 0.0137 5.0840 0.7086 -0.9611 0.6869
17081.714 1.6655 0.0127 5.0869 0.7118 -0.9636 0.6945
17081.767 1.6553 0.0205 5.0938 0.7126 -0.9599 0.6958
17081.818 1.6597 0.0205 5.1094 0.7211 -0.9496 0.6981
17081.871 1.6680 0.0195 5.0947 0.7229 -0.9564 0.7132
17081.922 1.6665 0.0215 5.0879 0.7171 -0.9603 0.7136
17081.973 1.6719 0.0186 5.0947 0.7212 -0.9629 0.7083
17082.022 1.6812 0.0127 5.0977 0.7288 -0.9587 0.7034
17082.073 1.6934 0.0127 5.1025 0.7277 -0.9617 0.6980
17082.137 1.6841 0.0225 5.1279 0.7290 -0.9599 0.7013
17082.178 1.6885 0.0166 5.1387 0.7232 -0.9706 0.7036
17082.231 1.6987 0.0283 5.1660 0.7254 -0.9612 0.7111
17082.281 1.6982 0.0361 5.1836 0.7315 -0.9475 0.7024
17082.33 1.6948 0.0430 5.1816 0.7286 -0.9495 0.7033
17082.382 1.7031 0.0371 5.1885 0.7304 -0.9549 0.7074
17082.435 1.7144 0.0391 5.1748 0.7236 -0.9565 0.7269
17082.487 1.7178 0.0273 5.1758 0.7363 -0.9509 0.7316
17082.536 1.7290 0.0293 5.1797 0.7505 -0.9477 0.7277
17082.587 1.7432 0.0215 5.1680 0.7433 -0.9507 0.7400
17082.637 1.7505 0.0313 5.1465 0.7498 -0.9427 0.7513
17082.688 1.7490 0.0264 5.1230 0.7521 -0.9400 0.7431
17082.741 1.7524 0.0313 5.1309 0.7568 -0.9444 0.7401
17082.792 1.7627 0.0264 5.1729 0.7590 -0.9465 0.7372
17082.845 1.7690 0.0146 5.1865 0.7637 -0.9490 0.7399
17082.896 1.7793 0.0068 5.1875 0.7712 -0.9506 0.7465
17082.948 1.7905 -0.0010 5.2188 0.7816 -0.9464 0.7497
17083.001 1.7969 -0.0020 5.2246 0.7786 -0.9384 0.7482
17083.053 1.8003 -0.0039 5.2129 0.7809 -0.9476 0.7519
17083.099 1.7939 -0.0117 5.2637 0.7898 -0.9568 0.7509
17083.148 1.7915 -0.0254 5.2637 0.7816 -0.9565 0.7603
17083.199 1.7949 -0.0176 5.2705 0.7901 -0.9638 0.7635
17083.268 1.7915 -0.0176 5.2676 0.7866 -0.9768 0.7692
17083.312 1.7979 -0.0146 5.2559 0.7851 -0.9798 0.7796
17083.356 1.8091 -0.0088 5.2695 0.7845 -0.9771 0.7809
17083.407 1.8242 0.0010 5.2920 0.7997 -0.9782 0.7899
17083.458 1.8296 -0.0107 5.3018 0.8038 -0.9821 0.7898
17083.509 1.8311 0.0029 5.3008 0.8085 -0.9861 0.7868
17083.562 1.8335 0.0029 5.3105 0.8170 -0.9920 0.7848
17083.612 1.8555 -0.0049 5.3154 0.8197 -0.9997 0.7890
17083.664 1.8521 -0.0186 5.3320 0.8196 -1.0080 0.7913
17083.716 1.8594 -0.0283 5.3545 0.8267 -1.0162 0.7878
17083.772 1.8647 -0.0234 5.3594 0.8418 -1.0278 0.7910
17083.811 1.8760 -0.0166 5.3457 0.8398 -1.0332 0.7900
17083.882 1.8784 -0.0342 5.3682 0.8425 -1.0357 0.7842
17083.924 1.8818 -0.0527 5.3750 0.8415 -1.0387 0.7807
17083.968 1.8745 -0.0430 5.3945 0.8390 -1.0475 0.7892
17084.016 1.8955 -0.0400 5.3975 0.8412 -1.0447 0.7858
17084.076 1.9009 -0.0342 5.4023 0.8440 -1.0501 0.7857
17084.125 1.9063 -0.0215 5.4170 0.8458 -1.0474 0.7937
17084.176 1.9116 -0.0352 5.4170 0.8509 -1.0590 0.7964
17084.227 1.9248 -0.0391 5.4209 0.8480 -1.0505 0.7906
17084.28 1.9341 -0.0244 5.4492 0.8493 -1.0469 0.7948
17084.332 1.9434 -0.0117 5.4619 0.8468 -1.0527 0.7999
17084.384 1.9429 -0.0176 5.4688 0.8366 -1.0529 0.8051
17084.436 1.9453 -0.0244 5.4502 0.8432 -1.0497 0.8083
17084.487 1.9507 -0.0156 5.4414 0.8445 -1.0546 0.8144
17084.529 1.9473 -0.0176 5.4346 0.8420 -1.0523 0.8081
17084.582 1.9702 0.0137 5.4365 0.8376 -1.0625 0.8142
17084.631 1.9834 0.0215 5.4404 0.8366 -1.0626 0.8170
17084.683 1.9917 0.0098 5.4336 0.8393 -1.0628 0.8155
17084.734 1.9824 0.0088 5.4111 0.8530 -1.0643 0.8044
17084.786 1.9858 0.0156 5.4170 0.8496 -1.0573 0.8014
17084.855 1.9912 0.0156 5.4268 0.8461 -1.0679 0.8047
17084.897 1.9907 0.0293 5.4004 0.8417 -1.0790 0.8012
17084.948 2.0039 0.0342 5.4082 0.8335 -1.0744 0.8054
17084.991 2.0142 0.0371 5.4170 0.8286 -1.0760 0.8110
17085.042 2.0195 0.0420 5.4600 0.8185 -1.0895 0.8004
17085.095 2.0278 0.0420 5.4785 0.8102 -1.0868 0.7998
17085.146 2.0195 0.0498 5.4766 0.8101 -1.0917 0.7921
17085.198 2.0347 0.0469 5.4814 0.8129 -1.0904 0.7939
17085.25 2.0352 0.0479 5.4814 0.8190 -1.1015 0.8053
17085.301 2.0464 0.0352 5.5059 0.8069 -1.0988 0.8047
17085.352 2.0557 0.0371 5.5146 0.8106 -1.1027 0.8074
17085.405 2.0737 0.0459 5.5596 0.8153 -1.1086 0.8178
17085.456 2.0840 0.0508 5.5674 0.8152 -1.1073 0.8106
17085.509 2.0884 0.0479 5.6094 0.8160 -1.1136 0.8119
17085.56 2.0830 0.0498 5.6309 0.8107 -1.1247 0.8027
17085.624 2.0913 0.0459 5.6543 0.8101 -1.1282 0.7964
17085.669 2.0947 0.0537 5.6729 0.8095 -1.1222 0.8002
17085.712 2.1079 0.0498 5.7021 0.8304 -1.1261 0.7891
17085.763 2.1104 0.0537 5.7119 0.8250 -1.1296 0.7928
17085.814 2.1401 0.0547 5.7295 0.8192 -1.1278 0.7851
17085.865 2.1406 0.0410 5.7617 0.8157 -1.1299 0.7983
17085.918 2.1470 0.0313 5.7656 0.8199 -1.1395 0.7968
17085.97 2.1504 0.0244 5.7783 0.8193 -1.1254 0.8091
17086.023 2.1519 0.0283 5.8105 0.8259 -1.1379 0.8037
17086.062 2.1426 0.0264 5.8252 0.8272 -1.1381 0.8060
17086.129 2.1479 0.0283 5.8271 0.8237 -1.1349 0.8083
17086.172 2.1670 0.0166 5.8496 0.8231 -1.1331 0.8111
17086.223 2.1772 0.0117 5.8809 0.8140 -1.1385 0.8100
17086.272 2.1748 0.0078 5.8945 0.8201 -1.1405 0.8171
17086.322 2.1870 0.0088 5.8965 0.8252 -1.1497 0.8165
17086.375 2.1748 0.0127 5.9326 0.8308 -1.1570 0.8202
17086.424 2.1675 0.0176 5.9512 0.8369 -1.1567 0.8163
17086.476 2.1729 0.0225 5.9463 0.8478 -1.1625 0.8195
17086.526 2.1860 0.0166 5.9541 0.8524 -1.1632 0.8175
17086.599 2.1943 0.0205 5.9688 0.8466 -1.1652 0.8184
17086.627 2.2026 0.0078 5.9932 0.8403 -1.1692 0.8283
17086.693 2.2070 0.0186 6.0107 0.8292 -1.1755 0.8301
17086.735 2.2046 0.0361 6.0439 0.8319 -1.1742 0.8209
17086.782 2.2031 0.0381 6.0664 0.8294 -1.1848 0.8261
17086.841 2.2153 0.0430 6.1045 0.8207 -1.1969 0.8155
17086.889 2.2041 0.0527 6.1348 0.8259 -1.2009 0.8268
17086.947 2.2104 0.0518 6.1514 0.8248 -1.2010 0.8353
17087.006 2.2012 0.0508 6.1904 0.8309 -1.2050 0.8323
17087.049 2.1978 0.0479 6.1973 0.8312 -1.1975 0.8360
17087.089 2.2148 0.0410 6.1875 0.8397 -1.1933 0.8407
17087.16 2.2202 0.0430 6.1895 0.8339 -1.2035 0.8435
17087.204 2.2285 0.0322 6.1855 0.8447 -1.2022 0.8348
17087.246 2.2397 0.0469 6.1914 0.8389 -1.2042 0.8304
17087.31 2.2607 0.0518 6.2100 0.8312 -1.2048 0.8308
17087.355 2.2544 0.0635 6.2109 0.8220 -1.2059 0.8297
17087.398 2.2539 0.0596 6.2178 0.8271 -1.2113 0.8301
17087.448 2.2710 0.0586 6.2285 0.8346 -1.2167 0.8357
17087.519 2.2783 0.0625 6.2344 0.8412 -1.2073 0.8409
17087.55 2.2856 0.0615 6.2422 0.8478 -1.2079 0.8393
17087.615 2.2842 0.0703 6.2510 0.8553 -1.2104 0.8387
17087.656 2.2964 0.0820 6.2422 0.8595 -1.2072 0.8472
17087.709 2.3105 0.0947 6.2188 0.8608 -1.2136 0.8447
17087.758 2.3179 0.1074 6.2090 0.8712 -1.2161 0.8403
17087.81 2.3291 0.1045 6.2275 0.8582 -1.2138 0.8474
17087.863 2.3364 0.0996 6.2393 0.8609 -1.2068 0.8387
17087.913 2.3408 0.0928 6.2422 0.8665 -1.2036 0.8338
17087.964 2.3403 0.0859 6.2539 0.8574 -1.2081 0.8418
17088.017 2.3467 0.0820 6.2500 0.8549 -1.2087 0.8327
17088.062 2.3540 0.0723 6.2471 0.8652 -1.2112 0.8340
17088.127 2.3643 0.0791 6.2412 0.8713 -1.2094 0.8363
17088.172 2.3853 0.0918 6.2471 0.8750 -1.2153 0.8500
17088.226 2.3926 0.0889 6.2402 0.8678 -1.2107 0.8509
17088.289 2.4116 0.0947 6.2451 0.8643 -1.2118 0.8441
17088.333 2.4229 0.0908 6.2441 0.8633 -1.2086 0.8387
17088.376 2.4468 0.0889 6.2588 0.8541 -1.2111 0.8320
17088.426 2.4521 0.0791 6.2822 0.8549 -1.2236 0.8204
17088.479 2.4575 0.0674 6.2910 0.8562 -1.2266 0.8270
17088.528 2.4629 0.0811 6.3096 0.8571 -1.2311 0.8278
17088.579 2.4722 0.0850 6.3125 0.8546 -1.2412 0.8187
17088.63 2.4648 0.0752 6.3184 0.8521 -1.2409 0.8167
17088.682 2.4663 0.0605 6.3135 0.8448 -1.2348 0.8127
17088.732 2.4697 0.0615 6.3496 0.8418 -1.2354 0.8141
17088.783 2.4907 0.0615 6.3223 0.8479 -1.2389 0.8202
17088.834 2.4990 0.0557 6.3408 0.8459 -1.2386 0.8248
17088.883 2.4868 0.0508 6.3379 0.8396 -1.2439 0.8333
17088.956 2.5098 0.0518 6.3418 0.8366 -1.2436 0.8361
17089 2.4927 0.0605 6.3428 0.8375 -1.2466 0.8331
17089.039 2.5068 0.0615 6.3398 0.8359 -1.2429 0.8230
17089.105 2.5083 0.0586 6.3467 0.8305 -1.2416 0.8205
17089.15 2.5176 0.0605 6.3672 0.8333 -1.2413 0.8199
17089.189 2.5122 0.0703 6.3838 0.8389 -1.2448 0.8170
17089.261 2.5225 0.0703 6.3828 0.8378 -1.2411 0.8145
17089.306 2.5317 0.0703 6.3750 0.8430 -1.2470 0.8153
17089.349 2.5469 0.0742 6.3984 0.8410 -1.2514 0.8067
17089.399 2.5620 0.0654 6.3916 0.8461 -1.2568 0.8032
17089.449 2.5781 0.0684 6.4258 0.8441 -1.2655 0.7945
17089.502 2.5806 0.0703 6.4150 0.8530 -1.2690 0.8035
17089.554 2.5801 0.0811 6.4375 0.8448 -1.2768 0.8029
17089.605 2.5698 0.0781 6.4463 0.8399 -1.2793 0.8104
17089.658 2.5693 0.0830 6.4746 0.8446 -1.2766 0.8041
17089.707 2.5854 0.0791 6.4893 0.8488 -1.2686 0.8107
17089.768 2.5781 0.0752 6.4785 0.8577 -1.2725 0.8144
17089.811 2.5933 0.0771 6.4629 0.8585 -1.2774 0.8177
17089.862 2.5830 0.0752 6.4668 0.8608 -1.2890 0.8185
17089.915 2.5952 0.0566 6.4619 0.8602 -1.2906 0.8218
17089.964 2.6006 0.0518 6.4893 0.8754 -1.3012 0.8279
17090.015 2.5981 0.0576 6.4814 0.8843 -1.3004 0.8230
17090.059 2.5879 0.0547 6.4961 0.8899 -1.3077 0.8191
17090.125 2.5933 0.0488 6.5020 0.8965 -1.3064 0.8204
17090.171 2.6064 0.0498 6.5156 0.9121 -1.3051 0.8298
17090.219 2.6001 0.0557 6.4795 0.9139 -1.3043 0.8302
17090.27 2.6143 0.0664 6.5039 0.9200 -1.3088 0.8306
17090.319 2.6079 0.0537 6.4922 0.9175 -1.3056 0.8372
17090.373 2.6162 0.0488 6.5010 0.9193 -1.3119 0.8361
17090.422 2.6147 0.0391 6.5020 0.9221 -1.3092 0.8370
17090.472 2.6250 0.0371 6.5098 0.9358 -1.3107 0.8316
17090.525 2.6401 0.0410 6.4834 0.9381 -1.3042 0.8358
17090.576 2.6514 0.0391 6.5166 0.9418 -1.2943 0.8347
17090.628 2.6538 0.0391 6.4990 0.9417 -1.3050 0.8466
17090.681 2.6709 0.0352 6.4990 0.9482 -1.3027 0.8560
17090.73 2.6509 0.0303 6.4922 0.9400 -1.3110 0.8612
17090.782 2.6514 0.0293 6.4980 0.9456 -1.3168 0.8663
17090.834 2.6606 0.0322 6.5020 0.9460 -1.3179 0.8714
17090.887 2.6699 0.0322 6.5215 0.9401 -1.3314 0.8780
17090.938 2.6665 0.0381 6.5498 0.9357 -1.3210 0.8889
17090.988 2.6650 0.0391 6.5547 0.9437 -1.3221 0.8864
17091.039 2.6567 0.0361 6.5713 0.9336 -1.3199 0.8901
17091.09 2.6689 0.0430 6.5918 0.9325 -1.3224 0.8819
17091.141 2.6626 0.0439 6.5830 0.9267 -1.3240 0.8832
17091.19 2.6650 0.0674 6.5996 0.9299 -1.3380 0.8807
17091.241 2.6782 0.0879 6.5850 0.9346 -1.3376 0.8864
17091.292 2.7021 0.0938 6.6025 0.9273 -1.3406 0.8772
17091.344 2.7026 0.0977 6.5850 0.9344 -1.3460 0.8761
17091.396 2.7051 0.0752 6.5801 0.9362 -1.3509 0.8875
17091.448 2.6968 0.0742 6.5664 0.9275 -1.3520 0.8993
17091.501 2.6895 0.0830 6.5850 0.9283 -1.3598 0.9035
17091.55 2.7046 0.0830 6.5850 0.9387 -1.3728 0.9058
17091.601 2.7070 0.0732 6.6055 0.9467 -1.3815 0.9038
17091.65 2.7046 0.0752 6.6348 0.9447 -1.3879 0.9108
17091.721 2.7002 0.0684 6.6475 0.9527 -1.3985 0.9231
17091.764 2.7026 0.0840 6.6455 0.9406 -1.4015 0.9159
17091.807 2.6943 0.0859 6.6563 0.9400 -1.4083 0.9144
17091.857 2.6880 0.0908 6.6553 0.9399 -1.3946 0.9157
17091.926 2.6934 0.0908 6.6787 0.9422 -1.3967 0.9232
17091.969 2.7026 0.1006 6.6934 0.9382 -1.4030 0.9312
17092.011 2.7197 0.1016 6.7266 0.9329 -1.4160 0.9259
17092.061 2.7202 0.1104 6.7500 0.9409 -1.4209 0.9224
17092.125 2.7236 0.1084 6.7734 0.9455 -1.4163 0.9300
17092.172 2.7241 0.1172 6.7764 0.9416 -1.4074 0.9246
17092.221 2.7275 0.1182 6.7959 0.9405 -1.4190 0.9264
17092.285 2.7251 0.1221 6.8154 0.9481 -1.4244 0.9297
17092.33 2.7324 0.1445 6.8184 0.9460 -1.4259 0.9358
17092.373 2.7358 0.1318 6.8574 0.9478 -1.4308 0.9428
17092.426 2.7344 0.1357 6.8682 0.9458 -1.4372 0.9375
17092.476 2.7300 0.1563 6.8750 0.9424 -1.4287 0.9445
17092.525 2.7227 0.1631 6.8770 0.9442 -1.4327 0.9482
17092.578 2.7271 0.1533 6.8838 0.9517 -1.4323 0.9539
17092.629 2.7422 0.1631 6.8994 0.9473 -1.4334 0.9437
17092.682 2.7534 0.1670 6.9014 0.9548 -1.4274 0.9470
17092.731 2.7461 0.1592 6.8857 0.9552 -1.4332 0.9545
17092.776 2.7485 0.1592 6.8770 0.9641 -1.4396 0.9434
17092.834 2.7637 0.1621 6.8701 0.9607 -1.4378 0.9462
17092.878 2.7651 0.1631 6.8418 0.9572 -1.4341 0.9466
17092.939 2.7744 0.1660 6.8408 0.9609 -1.4486 0.9570
17092.989 2.7817 0.1650 6.8379 0.9570 -1.4478 0.9516
17093.04 2.7871 0.1553 6.8477 0.9497 -1.4436 0.9525
17093.091 2.7954 0.1494 6.8730 0.9539 -1.4490 0.9452
17093.142 2.7822 0.1631 6.8838 0.9552 -1.4458 0.9480
17093.195 2.7837 0.1689 6.8643 0.9551 -1.4450 0.9522
17093.247 2.7813 0.1670 6.8486 0.9478 -1.4461 0.9449
17093.311 2.7905 0.1592 6.8633 0.9592 -1.4529 0.9539
17093.34 2.7871 0.1523 6.8633 0.9610 -1.4487 0.9557
17093.405 2.7866 0.1406 6.8818 0.9456 -1.4503 0.9665
17093.448 2.7852 0.1279 6.8994 0.9526 -1.4481 0.9645
17093.499 2.7876 0.1309 6.9082 0.9587 -1.4587 0.9606
17093.551 2.7832 0.1289 6.9189 0.9686 -1.4593 0.9696
17093.6 2.7837 0.1396 6.9385 0.9676 -1.4666 0.9594
17093.653 2.7881 0.1426 6.9365 0.9679 -1.4791 0.9655
17093.702 2.7983 0.1445 6.9570 0.9669 -1.4683 0.9721
17093.754 2.8125 0.1445 6.9775 0.9744 -1.4694 0.9735
17093.807 2.8169 0.1289 6.9902 0.9766 -1.4734 0.9762
17093.856 2.8242 0.1318 7.0098 0.9775 -1.4735 0.9723
17093.929 2.8218 0.1406 7.0166 0.9726 -1.4703 0.9708
17093.954 2.8242 0.1309 7.0146 0.9653 -1.4723 0.9750
17094.016 2.8208 0.1250 7.0195 0.9609 -1.4897 0.9701
17094.053 2.8359 0.1328 7.0029 0.9608 -1.4845 0.9810
17094.118 2.8481 0.1260 6.9863 0.9631 -1.4866 0.9804
17094.161 2.8613 0.1348 6.9941 0.9630 -1.4963 0.9831
17094.234 2.8608 0.1279 6.9990 0.9605 -1.4940 0.9773
17094.266 2.8701 0.1377 7.0303 0.9537 -1.4970 0.9782
17094.33 2.8618 0.1426 7.0303 0.9617 -1.4910 0.9709
17094.373 2.8809 0.1387 7.0137 0.9663 -1.4959 0.9756
17094.426 2.8862 0.1396 7.0264 0.9648 -1.5003 0.9802
17094.478 2.9014 0.1377 6.9961 0.9704 -1.5057 0.9739
17094.539 2.9058 0.1309 7.0127 0.9674 -1.5116 0.9796
17094.571 2.9014 0.1387 7.0342 0.9716 -1.5146 0.9852
17094.633 2.9077 0.1426 7.0137 0.9682 -1.5118 0.9965
17094.676 2.8955 0.1611 7.0186 0.9685 -1.5124 0.9964
17094.725 2.8892 0.1572 7.0410 0.9722 -1.5169 0.9992
17094.776 2.8955 0.1621 7.0391 0.9774 -1.5180 1.0105
17094.847 2.8882 0.1494 7.0381 0.9858 -1.5143 1.0128
17094.878 2.9063 0.1563 7.0225 0.9786 -1.5249 1.0141
17094.942 2.9136 0.1592 6.9990 0.9737 -1.5294 1.0169
17094.985 2.9277 0.1523 7.0000 0.9750 -1.5357 1.0178
17095.036 2.9116 0.1494 7.0107 0.9945 -1.5335 1.0076
17095.089 2.9209 0.1494 7.0430 1.0015 -1.5269 1.0085
17095.14 2.9458 0.1406 7.0430 0.9918 -1.5294 1.0117
17095.191 2.9521 0.1523 7.0566 1.0003 -1.5391 1.0126
17095.24 2.9634 0.1455 7.0771 1.0021 -1.5436 1.0211
17095.292 2.9756 0.1406 7.0781 1.0053 -1.5408 1.0238
17095.345 2.9829 0.1396 7.0947 1.0167 -1.5419 1.0304
17095.397 2.9727 0.1318 7.0908 1.0056 -1.5344 1.0265
17095.447 2.9673 0.1416 7.1113 1.0055 -1.5312 1.0307
17095.498 2.9717 0.1377 7.0908 0.9987 -1.5399 1.0368
17095.551 2.9673 0.1484 7.1113 0.9981 -1.5449 1.0472
17095.6 2.9629 0.1582 7.1348 1.0004 -1.5417 1.0437
17095.651 2.9702 0.1572 7.1426 0.9912 -1.5318 1.0451
17095.702 2.9814 0.1572 7.1367 1.0011 -1.5295 1.0459
17095.779 2.9810 0.1797 7.1553 0.9976 -1.5335 1.0482
17095.802 2.9717 0.1719 7.1592 0.9909 -1.5370 1.0476
17095.858 2.9810 0.1748 7.1611 0.9988 -1.5471 1.0466
17095.91 2.9814 0.1768 7.1650 0.9954 -1.5430 1.0555
17095.951 2.9790 0.1611 7.1699 0.9958 -1.5402 1.0583
17096.022 2.9766 0.1631 7.1553 1.0028 -1.5404 1.0544
17096.055 2.9751 0.1572 7.1328 1.0003 -1.5458 1.0590
17096.119 2.9707 0.1484 7.1631 0.9988 -1.5411 1.0704
17096.162 2.9878 0.1445 7.1738 1.0001 -1.5494 1.0703
17096.212 2.9912 0.1494 7.1836 0.9942 -1.5490 1.0692
17096.265 2.9946 0.1475 7.2148 0.9922 -1.5482 1.0729
17096.315 2.9980 0.1387 7.2285 0.9850 -1.5474 1.0728
17096.365 3.0054 0.1348 7.2432 0.9867 -1.5452 1.0646
17096.416 3.0098 0.1387 7.2432 0.9780 -1.5506 1.0626
17096.486 3.0103 0.1406 7.2363 0.9808 -1.5540 1.0597
17096.516 3.0039 0.1426 7.2500 0.9802 -1.5556 1.0553
17096.58 3.0132 0.1406 7.2656 0.9915 -1.5557 1.0532
17096.623 3.0127 0.1357 7.2949 0.9871 -1.5578 1.0617
17096.672 3.0181 0.1250 7.2920 0.9970 -1.5646 1.0578
17096.743 3.0420 0.1250 7.3057 0.9869 -1.5762 1.0501
17096.773 3.0610 0.1162 7.3340 0.9925 -1.5797 1.0614
17096.836 3.0645 0.1191 7.3496 0.9943 -1.5803 1.0561
17096.878 3.0747 0.1201 7.3477 0.9933 -1.5790 1.0598
17096.928 3.0654 0.1143 7.3525 0.9960 -1.5815 1.0587
17096.979 3.0698 0.1084 7.3506 0.9935 -1.5788 1.0610
17097.031 3.0713 0.1152 7.3535 1.0072 -1.5718 1.0652
17097.08 3.0728 0.1055 7.3652 0.9961 -1.5729 1.0661
17097.151 3.0723 0.1182 7.3545 0.9927 -1.5768 1.0631
17097.195 3.0815 0.1162 7.3584 0.9959 -1.5746 1.0649
17097.243 3.0947 0.1289 7.3711 1.0001 -1.5747 1.0705
17097.291 3.0815 0.1299 7.3789 0.9923 -1.5734 1.0776
17097.345 3.0859 0.1143 7.3809 0.9813 -1.5731 1.0775
17097.392 3.0942 0.1133 7.4053 0.9840 -1.5723 1.0831
17097.441 3.0967 0.1152 7.4209 0.9882 -1.5695 1.0797
17097.512 3.0864 0.1182 7.4346 0.9914 -1.5730 1.0791
17097.555 3.0918 0.1211 7.4512 0.9851 -1.5765 1.0718
17097.599 3.0952 0.1201 7.4639 0.9912 -1.5695 1.0736
17097.648 3.0918 0.1094 7.4971 0.9877 -1.5691 1.0750
17097.701 3.1050 0.1172 7.5176 0.9876 -1.5645 1.0844
17097.75 3.1084 0.1094 7.5381 1.0004 -1.5637 1.0910
17097.8 3.1245 0.1133 7.5537 0.9955 -1.5643 1.0894
17097.85 3.1279 0.1104 7.5859 1.0059 -1.5630 1.0927
17097.901 3.1323 0.1143 7.5791 1.0091 -1.5684 1.0883
17097.952 3.1309 0.1113 7.5859 1.0061 -1.5671 1.0848
17098.002 3.1372 0.1133 7.5850 1.0060 -1.5649 1.0909
17098.056 3.1494 0.1074 7.6025 1.0088 -1.5626 1.0937
17098.119 3.1704 0.1064 7.6348 1.0134 -1.5661 1.0879
17098.161 3.1768 0.1113 7.6582 1.0152 -1.5576 1.0921
17098.211 3.1870 0.1123 7.7051 1.0170 -1.5621 1.1025
17098.262 3.1992 0.1064 7.6973 1.0217 -1.5617 1.0962
17098.316 3.2104 0.0957 7.7422 1.0201 -1.5604 1.1037
17098.367 3.2129 0.1084 7.7344 1.0129 -1.5606 1.1031
17098.418 3.2280 0.0967 7.7490 1.0089 -1.5598 1.0982
17098.47 3.2275 0.0957 7.7695 1.0155 -1.5694 1.0977
17098.519 3.2388 0.1152 7.8018 1.0230 -1.5767 1.1004
17098.572 3.2617 0.1260 7.8174 1.0244 -1.5807 1.0917
17098.624 3.2642 0.1357 7.8340 1.0362 -1.5799 1.0954
17098.675 3.2822 0.1172 7.8574 1.0418 -1.5843 1.1077
17098.725 3.2837 0.1025 7.8682 1.0474 -1.5868 1.1053
17098.772 3.2754 0.0996 7.9014 1.0540 -1.5851 1.0985
17098.829 3.2847 0.0996 7.9121 1.0653 -1.5871 1.1074
17098.871 3.3037 0.0986 7.9463 1.0657 -1.5887 1.1202
17098.929 3.3120 0.1084 7.9707 1.0708 -1.6007 1.1201
17098.981 3.3145 0.1123 7.9854 1.0755 -1.6114 1.1195
17099.034 3.3062 0.0918 8.0215 1.0720 -1.6225 1.1242
17099.083 3.3115 0.0898 8.0547 1.0609 -1.6255 1.1332
17099.134 3.3267 0.0908 8.0693 1.0570 -1.6232 1.1312
17099.183 3.3154 0.0889 8.0664 1.0554 -1.6358 1.1306
17099.234 3.3228 0.0938 8.0928 1.0611 -1.6369 1.1438
17099.283 3.3213 0.0957 8.0811 1.0700 -1.6418 1.1533
17099.355 3.3188 0.1006 8.1162 1.0718 -1.6395 1.1618
17099.389 3.3340 0.1016 8.1152 1.0769 -1.6258 1.1674
17099.455 3.3364 0.0859 8.1338 1.0735 -1.6279 1.1639
17099.5 3.3379 0.0713 8.1445 1.0820 -1.6409 1.1715
17099.542 3.3364 0.0713 8.1631 1.0909 -1.6496 1.1738
17099.612 3.3340 0.0576 8.2148 1.0932 -1.6555 1.1684
17099.641 3.3433 0.0518 8.2256 1.1026 -1.6638 1.1640
17099.707 3.3564 0.0498 8.2490 1.0982 -1.6844 1.1615
17099.75 3.3804 0.0576 8.2568 1.1024 -1.6865 1.1714
17099.799 3.3916 0.0547 8.2969 1.1109 -1.6909 1.1704
17099.85 3.3999 0.0547 8.2842 1.1098 -1.6934 1.1646
17099.899 3.4033 0.0547 8.3359 1.1016 -1.6907 1.1721
17099.95 3.4009 0.0547 8.3379 1.1077 -1.6918 1.1763
17100.02 3.4092 0.0635 8.3398 1.1075 -1.6910 1.1771
17100.052 3.4097 0.0596 8.3652 1.1113 -1.6868 1.1928
17100.114 3.4336 0.0684 8.3652 1.1092 -1.6822 1.1955
17100.163 3.4438 0.0723 8.3750 1.1196 -1.6818 1.2002
17100.215 3.4502 0.0742 8.3594 1.1214 -1.6801 1.2130
17100.269 3.4497 0.0771 8.4053 1.1337 -1.6821 1.2081
17100.315 3.4492 0.0986 8.4043 1.1293 -1.6813 1.2128
17100.367 3.4419 0.1006 8.4502 1.1335 -1.6838 1.2184
17100.416 3.4424 0.0957 8.4385 1.1276 -1.6763 1.2202
17100.467 3.4429 0.0908 8.4355 1.1290 -1.6793 1.2211
17100.516 3.4385 0.0742 8.4561 1.1322 -1.6895 1.2248
17100.568 3.4517 0.0791 8.4414 1.1378 -1.6930 1.2247
17100.622 3.4453 0.0742 8.4365 1.1429 -1.6955 1.2198
17100.67 3.4487 0.0771 8.4443 1.1485 -1.6928 1.2269
17100.721 3.4482 0.0879 8.4561 1.1594 -1.6905 1.2277
17100.773 3.4546 0.0967 8.4561 1.1679 -1.6878 1.2157
17100.825 3.4717 0.0840 8.4590 1.1587 -1.6846 1.2242
17100.876 3.4780 0.0781 8.4736 1.1696 -1.6847 1.2222
17100.927 3.4844 0.0605 8.5107 1.1637 -1.6863 1.2292
17100.978 3.4829 0.0566 8.5049 1.1617 -1.6888 1.2387
17101.03 3.4883 0.0527 8.5176 1.1716 -1.6904 1.2400
17101.082 3.4917 0.0479 8.5303 1.1662 -1.6963 1.2385
17101.133 3.5059 0.0518 8.5225 1.1714 -1.6964 1.2384
17101.182 3.4985 0.0625 8.5547 1.1579 -1.6827 1.2373
17101.234 3.5039 0.0576 8.5410 1.1530 -1.6900 1.2362
17101.282 3.5171 0.0615 8.5576 1.1510 -1.6916 1.2385
17101.333 3.5264 0.0645 8.5361 1.1528 -1.6946 1.2427
17101.385 3.5308 0.0596 8.5811 1.1665 -1.6980 1.2498
17101.435 3.5469 0.0723 8.5684 1.1717 -1.6967 1.2578
17101.507 3.5347 0.0664 8.5742 1.1820 -1.7012 1.2496
17101.543 3.5430 0.0684 8.5771 1.1800 -1.6994 1.2590
17101.606 3.5562 0.0645 8.5771 1.1899 -1.7058 1.2584
17101.65 3.5693 0.0693 8.5664 1.2089 -1.7126 1.2755
17101.699 3.5630 0.0918 8.5635 1.1983 -1.6989 1.2721
17101.778 3.5762 0.0859 8.5527 1.1991 -1.7033 1.2801
17101.795 3.5776 0.0996 8.5518 1.2004 -1.6958 1.2828
17101.854 3.5840 0.1182 8.5625 1.2065 -1.6926 1.2880
17101.905 3.5962 0.1084 8.5430 1.2145 -1.6894 1.2821
17101.964 3.5967 0.1006 8.5527 1.2197 -1.6886 1.2763
17102.005 3.6021 0.0928 8.5723 1.2320 -1.6906 1.2800
17102.055 3.6016 0.0879 8.5645 1.2371 -1.6917 1.2766
17102.106 3.6089 0.0879 8.5576 1.2451 -1.6990 1.2784
17102.157 3.6074 0.0811 8.5615 1.2402 -1.7068 1.2926
17102.207 3.5991 0.0928 8.5371 1.2363 -1.7217 1.3001
17102.258 3.5957 0.0996 8.5195 1.2390 -1.7238 1.3043
17102.307 3.6050 0.0977 8.5000 1.2356 -1.7277 1.3018
17102.379 3.6143 0.0918 8.4805 1.2355 -1.7322 1.3046
17102.422 3.6099 0.0781 8.4893 1.2287 -1.7399 1.3035
17102.466 3.6104 0.0693 8.5117 1.2329 -1.7320 1.3030
17102.515 3.6187 0.0781 8.5273 1.2203 -1.7364 1.3124
17102.566 3.6162 0.0654 8.5303 1.2245 -1.7451 1.3080
17102.616 3.6284 0.0664 8.5381 1.2363 -1.7500 1.3103
17102.665 3.6416 0.0723 8.5557 1.2353 -1.7497 1.3088
17102.735 3.6421 0.0654 8.5410 1.2294 -1.7498 1.3101
17102.767 3.6328 0.0771 8.5352 1.2312 -1.7519 1.3067
17102.83 3.6333 0.0791 8.5430 1.2273 -1.7458 1.3185
17102.874 3.6328 0.0732 8.5361 1.2219 -1.7502 1.3155
17102.925 3.6294 0.0869 8.5195 1.2333 -1.7513 1.3316
17102.976 3.6279 0.0869 8.4951 1.2441 -1.7644 1.3382
17103.026 3.6392 0.0830 8.4834 1.2478 -1.7712 1.3448
17103.076 3.6416 0.0840 8.4678 1.2482 -1.7851 1.3466
17103.127 3.6362 0.0684 8.4590 1.2462 -1.7896 1.3451
17103.177 3.6436 0.0859 8.4561 1.2580 -1.7821 1.3469
17103.229 3.6382 0.0742 8.4912 1.2459 -1.7794 1.3496
17103.28 3.6445 0.0889 8.5039 1.2582 -1.7833 1.3595
17103.331 3.6392 0.0918 8.4658 1.2557 -1.7920 1.3709
17103.404 3.6465 0.0850 8.5020 1.2614 -1.7841 1.3794
17103.433 3.6353 0.0947 8.4980 1.2679 -1.7823 1.3635
17103.498 3.6348 0.0889 8.5107 1.2707 -1.7872 1.3596
17103.541 3.6343 0.1006 8.5049 1.2739 -1.7935 1.3605
17103.594 3.6406 0.0977 8.5127 1.2843 -1.7942 1.3604
17103.646 3.6528 0.1035 8.5352 1.2832 -1.7948 1.3579
17103.697 3.6475 0.1035 8.5293 1.2926 -1.7925 1.3535
17103.748 3.6440 0.0928 8.5439 1.2944 -1.7931 1.3524
17103.797 3.6377 0.1006 8.5488 1.2972 -1.7842 1.3495
17103.85 3.6440 0.1025 8.5732 1.2985 -1.7829 1.3408
17103.9 3.6553 0.1074 8.5908 1.3075 -1.7883 1.3435
17103.952 3.6733 0.0938 8.6123 1.3135 -1.7851 1.3501
17104.002 3.6807 0.0986 8.6201 1.3273 -1.7805 1.3409
17104.051 3.6870 0.0986 8.6631 1.3214 -1.7854 1.3427
17104.116 3.6807 0.1006 8.6504 1.3113 -1.7827 1.3384
17104.159 3.6743 0.0977 8.6514 1.3093 -1.7756 1.3402
17104.21 3.6641 0.1123 8.6553 1.3168 -1.7806 1.3281
17104.264 3.6577 0.1094 8.6416 1.3191 -1.7817 1.3209
17104.308 3.6611 0.1006 8.6836 1.3194 -1.7742 1.3174
17104.359 3.6675 0.0996 8.7012 1.3126 -1.7738 1.3226
17104.41 3.6621 0.1094 8.7334 1.3078 -1.7854 1.3101
17104.461 3.6831 0.1123 8.7334 1.3115 -1.7917 1.3076
17104.512 3.6797 0.1084 8.7148 1.3185 -1.7933 1.3046
17104.564 3.6870 0.1064 8.7344 1.3279 -1.8068 1.3036
17104.613 3.7031 0.1143 8.7705 1.3264 -1.8132 1.3111
17104.663 3.7124 0.1045 8.7227 1.3225 -1.8138 1.3096
17104.714 3.7197 0.0957 8.7139 1.3224 -1.8144 1.3033
17104.772 3.7241 0.0859 8.7285 1.3213 -1.8183 1.3008
17104.817 3.7373 0.0928 8.7051 1.3269 -1.8194 1.3054
17104.865 3.7368 0.0986 8.7559 1.3249 -1.8148 1.3182
17104.927 3.7373 0.0967 8.7305 1.3276 -1.8216 1.3248
17104.978 3.7446 0.1006 8.7959 1.3280 -1.8108 1.3352
17105.028 3.7617 0.0996 8.7705 1.3312 -1.8095 1.3437
17105.078 3.7612 0.1016 8.7803 1.3364 -1.8106 1.3417
17105.128 3.7559 0.0947 8.8164 1.3362 -1.8141 1.3435
17105.178 3.7573 0.0996 8.8203 1.3395 -1.8194 1.3353
17105.228 3.7520 0.0908 8.8115 1.3479 -1.8177 1.3414
17105.279 3.7583 0.0928 8.8203 1.3431 -1.8274 1.3365
17105.328 3.7715 0.0879 8.8389 1.3425 -1.8380 1.3221
17105.379 3.7817 0.0811 8.8477 1.3500 -1.8367 1.3258
17105.448 3.7871 0.0732 8.8447 1.3551 -1.8263 1.3266
17105.491 3.8032 0.0586 8.8398 1.3593 -1.8313 1.3241
17105.541 3.8037 0.0703 8.8408 1.3616 -1.8357 1.3240
17105.589 3.7925 0.0664 8.8438 1.3619 -1.8358 1.3306
17105.637 3.7920 0.0479 8.8486 1.3599 -1.8364 1.3305
17105.707 3.7866 0.0527 8.8438 1.3603 -1.8480 1.3309
17105.751 3.7842 0.0518 8.8613 1.3559 -1.8486 1.3317
17105.796 3.7866 0.0576 8.8828 1.3629 -1.8521 1.3307
17105.845 3.7852 0.0742 8.9063 1.3642 -1.8628 1.3292
17105.897 3.8013 0.0762 8.9063 1.3751 -1.8534 1.3281
17105.947 3.8213 0.0752 8.9297 1.3712 -1.8492 1.3385
17105.998 3.8306 0.0840 8.9189 1.3758 -1.8522 1.3274
17106.049 3.8291 0.0967 8.9385 1.3805 -1.8519 1.3302
17106.115 3.8335 0.1094 8.9697 1.3890 -1.8606 1.3372
17106.156 3.8320 0.1055 9.0137 1.3755 -1.8612 1.3400
17106.206 3.8306 0.1113 9.0215 1.3902 -1.8542 1.3404
17106.268 3.8379 0.1094 9.0576 1.3881 -1.8505 1.3474
17106.314 3.8413 0.1045 9.0557 1.3852 -1.8463 1.3550
17106.357 3.8545 0.1064 9.0391 1.3970 -1.8536 1.3553
17106.428 3.8628 0.0986 9.0488 1.3873 -1.8648 1.3548
17106.458 3.8438 0.0918 9.0732 1.3958 -1.8802 1.3613
17106.523 3.8521 0.0830 9.0918 1.4005 -1.8922 1.3612
17106.568 3.8447 0.0859 9.0820 1.4046 -1.8952 1.3559
17106.611 3.8501 0.0898 9.0771 1.4017 -1.8896 1.3524
17106.662 3.8447 0.0850 9.0781 1.4044 -1.8926 1.3490
17106.715 3.8394 0.0693 9.0918 1.4272 -1.9038 1.3532
17106.764 3.8555 0.0781 9.0664 1.4314 -1.8986 1.3440
17106.816 3.8579 0.0664 9.0713 1.4289 -1.8973 1.3430
17106.867 3.8682 0.0752 9.0850 1.4197 -1.8984 1.3486
17106.918 3.8745 0.0771 9.0938 1.4268 -1.9019 1.3628
17106.969 3.8916 0.0820 9.1055 1.4252 -1.9049 1.3622
17107.038 3.8931 0.0811 9.1016 1.4299 -1.9160 1.3631
17107.08 3.9014 0.0664 9.1094 1.4321 -1.9133 1.3615
17107.129 3.9038 0.0664 9.1074 1.4311 -1.9096 1.3552
17107.18 3.9043 0.0830 9.1191 1.4290 -1.9155 1.3508
17107.231 3.9028 0.0781 9.1406 1.4351 -1.9247 1.3517
17107.273 3.9111 0.0742 9.1494 1.4369 -1.9287 1.3459
17107.345 3.9077 0.0723 9.1855 1.4359 -1.9326 1.3510
17107.374 3.8994 0.0742 9.1621 1.4305 -1.9313 1.3600
17107.441 3.9048 0.0703 9.1680 1.4218 -1.9372 1.3522
17107.488 3.8994 0.0664 9.1768 1.4160 -1.9426 1.3588
17107.529 3.9048 0.0605 9.1758 1.4173 -1.9475 1.3573
17107.599 3.9043 0.0537 9.1816 1.4167 -1.9614 1.3548
17107.643 3.8989 0.0586 9.1904 1.4175 -1.9659 1.3556
17107.694 3.9111 0.0508 9.1895 1.4117 -1.9593 1.3603
17107.738 3.9067 0.0547 9.1953 1.4006 -1.9538 1.3588
17107.787 3.8994 0.0576 9.2139 1.4024 -1.9577 1.3568
17107.846 3.9009 0.0469 9.2031 1.4075 -1.9660 1.3667
17107.892 3.9219 0.0488 9.2129 1.4036 -1.9728 1.3847
17107.952 3.9292 0.0459 9.2363 1.4002 -1.9581 1.3927
17108.002 3.9170 0.0527 9.2598 1.4024 -1.9535 1.3950
17108.053 3.9165 0.0527 9.2676 1.4028 -1.9503 1.4064
17108.113 3.9189 0.0459 9.2764 1.3989 -1.9504 1.4082
17108.155 3.9175 0.0479 9.2939 1.4088 -1.9496 1.4214
17108.205 3.9160 0.0449 9.2949 1.4201 -1.9526 1.4199
17108.268 3.9282 0.0449 9.3193 1.4300 -1.9609 1.4303
17108.3 3.9287 0.0391 9.3066 1.4356 -1.9643 1.4206
17108.366 3.9370 0.0420 9.3154 1.4298 -1.9688 1.4234
17108.41 3.9482 0.0469 9.3379 1.4211 -1.9689 1.4219
17108.462 3.9478 0.0566 9.3447 1.4281 -1.9619 1.4208
17108.511 3.9619 0.0381 9.3574 1.4309 -1.9554 1.4303
17108.563 3.9702 0.0332 9.3652 1.4332 -1.9617 1.4259
17108.615 3.9795 0.0371 9.3828 1.4335 -1.9661 1.4281
17108.667 3.9692 0.0410 9.4072 1.4325 -1.9768 1.4261
17108.712 3.9873 0.0342 9.4053 1.4347 -1.9802 1.4255
17108.765 3.9995 0.0361 9.3975 1.4318 -1.9861 1.4264
17108.825 4.0137 0.0410 9.3965 1.4326 -1.9891 1.4268
17108.868 4.0308 0.0439 9.4053 1.4268 -1.9959 1.4233
17108.917 4.0234 0.0283 9.4199 1.4333 -2.0032 1.4170
17108.97 4.0308 0.0303 9.4463 1.4365 -2.0100 1.4207
17109.019 4.0391 0.0244 9.4561 1.4383 -2.0126 1.4106
17109.069 4.0415 0.0293 9.4707 1.4525 -2.0098 1.4148
17109.14 4.0518 0.0352 9.4814 1.4491 -2.0062 1.4090
17109.183 4.0562 0.0459 9.4521 1.4595 -1.9925 1.4146
17109.226 4.0469 0.0410 9.4629 1.4508 -2.0040 1.4207
17109.278 4.0454 0.0381 9.4834 1.4540 -2.0023 1.4249
17109.329 4.0420 0.0479 9.4961 1.4463 -2.0120 1.4253
17109.382 4.0425 0.0469 9.4990 1.4519 -2.0207 1.4132
17109.432 4.0479 0.0400 9.5264 1.4570 -2.0227 1.4194
17109.481 4.0415 0.0410 9.5518 1.4535 -2.0181 1.4326
17109.533 4.0615 0.0400 9.5762 1.4582 -2.0163 1.4316
17109.581 4.0640 0.0381 9.5928 1.4562 -2.0155 1.4281
17109.634 4.0557 0.0371 9.6074 1.4623 -2.0147 1.4280
17109.683 4.0640 0.0430 9.6055 1.4660 -2.0158 1.4260
17109.733 4.0654 0.0361 9.6172 1.4578 -2.0288 1.4221
17109.805 4.0688 0.0488 9.6055 1.4638 -2.0275 1.4215
17109.849 4.0869 0.0459 9.6064 1.4633 -2.0305 1.4214
17109.892 4.0933 0.0537 9.6455 1.4693 -2.0340 1.4275
17109.943 4.1035 0.0488 9.6426 1.4697 -2.0356 1.4245
17109.992 4.1147 0.0322 9.6758 1.4744 -2.0343 1.4259
17110.046 4.1338 0.0264 9.6855 1.4714 -2.0273 1.4267
17110.109 4.1294 0.0176 9.7061 1.4641 -2.0336 1.4309
17110.151 4.1221 0.0166 9.7012 1.4626 -2.0328 1.4332
17110.202 4.1167 0.0107 9.7158 1.4715 -2.0281 1.4441
17110.252 4.1348 0.0146 9.7246 1.4709 -2.0211 1.4463
17110.302 4.1343 0.0264 9.7266 1.4775 -2.0318 1.4505
17110.352 4.1523 0.0264 9.7197 1.4726 -2.0395 1.4557
17110.403 4.1411 0.0342 9.7256 1.4663 -2.0306 1.4613
17110.454 4.1582 0.0449 9.7402 1.4676 -2.0317 1.4679
17110.505 4.1470 0.0518 9.7646 1.4852 -2.0385 1.4559
17110.558 4.1689 0.0459 9.7764 1.4970 -2.0492 1.4615
17110.609 4.1782 0.0352 9.7764 1.4954 -2.0545 1.4681
17110.662 4.1846 0.0430 9.7559 1.5010 -2.0552 1.4718
17110.713 4.1899 0.0391 9.7441 1.5005 -2.0510 1.4702
17110.774 4.1992 0.0391 9.7549 1.5003 -2.0626 1.4658
17110.811 4.1919 0.0391 9.7441 1.4955 -2.0560 1.4686
17110.862 4.2021 0.0322 9.7529 1.4977 -2.0538 1.4790
17110.914 4.2241 0.0430 9.7617 1.4886 -2.0620 1.4813
17110.966 4.2451 0.0293 9.7588 1.4999 -2.0660 1.4917
17111.019 4.2505 0.0283 9.7646 1.5012 -2.0604 1.4963
17111.071 4.2559 0.0371 9.7646 1.5111 -2.0691 1.4867
17111.123 4.2671 0.0479 9.7773 1.5153 -2.0712 1.4895
17111.174 4.2803 0.0322 9.7686 1.5195 -2.0723 1.4860
17111.234 4.2817 0.0430 9.7861 1.5227 -2.0748 1.4864
17111.274 4.3008 0.0459 9.7930 1.5154 -2.0745 1.4887
17111.325 4.3013 0.0420 9.8154 1.5115 -2.0870 1.4905
17111.376 4.3027 0.0479 9.8066 1.5081 -2.0838 1.4870
17111.429 4.3013 0.0439 9.7920 1.5203 -2.0892 1.4865
17111.48 4.3125 0.0293 9.7871 1.5260 -2.0850 1.4892
17111.531 4.3120 0.0264 9.8018 1.5268 -2.0837 1.4891
17111.582 4.3096 0.0254 9.8213 1.5195 -2.0786 1.4943
17111.633 4.3306 0.0195 9.8330 1.5290 -2.0826 1.5051
17111.682 4.3516 0.0283 9.8467 1.5312 -2.0823 1.5098
17111.733 4.3452 0.0293 9.8643 1.5349 -2.0728 1.5054
17111.782 4.3447 0.0293 9.8955 1.5377 -2.0711 1.5091
17111.835 4.3569 0.0225 9.8945 1.5366 -2.0717 1.5257
17111.904 4.3662 0.0254 9.9053 1.5332 -2.0771 1.5375
17111.944 4.3628 0.0039 9.9111 1.5307 -2.0739 1.5379
17112.007 4.3691 -0.0010 9.9063 1.5306 -2.0797 1.5464
17112.042 4.3735 -0.0049 9.9385 1.5204 -2.0799 1.5468
17112.109 4.3730 -0.0078 9.9580 1.5303 -2.0748 1.5495
17112.151 4.3716 -0.0107 9.9932 1.5307 -2.0668 1.5475
17112.2 4.3721 -0.0049 10.0469 1.5296 -2.0774 1.5460
17112.24 4.3794 -0.0068 10.0820 1.5400 -2.0757 1.5368
17112.313 4.3896 -0.0078 10.1035 1.5409 -2.0782 1.5157
17112.355 4.3950 -0.0010 10.1201 1.5398 -2.0779 1.5185
17112.399 4.4131 0.0000 10.1523 1.5378 -2.0856 1.5370
17112.461 4.4106 0.0088 10.1826 1.5396 -2.0815 1.5393
17112.523 4.4121 0.0215 10.2168 1.5476 -2.0897 1.5440
17112.553 4.4243 0.0254 10.2295 1.5503 -2.0965 1.5458
17112.615 4.4287 0.0166 10.2891 1.5526 -2.1019 1.5500
17112.657 4.4380 0.0146 10.3086 1.5506 -2.1011 1.5475
17112.708 4.4443 0.0059 10.3281 1.5500 -2.1017 1.5440
17112.761 4.4390 0.0098 10.3486 1.5503 -2.0999 1.5492
17112.81 4.4473 0.0039 10.3975 1.5559 -2.1077 1.5500
17112.863 4.4399 -0.0068 10.4268 1.5606 -2.0997 1.5518
17112.914 4.4609 -0.0225 10.4443 1.5705 -2.0975 1.5479
17112.965 4.4595 -0.0146 10.4570 1.5675 -2.0972 1.5516
17113.017 4.4541 -0.0225 10.4795 1.5607 -2.0959 1.5453
17113.068 4.4575 -0.0068 10.4961 1.5535 -2.0965 1.5624
17113.119 4.4395 -0.0049 10.4775 1.5557 -2.1023 1.5537
17113.171 4.4575 -0.0039 10.5654 1.5490 -2.1082 1.5531
17113.22 4.4541 -0.0137 10.5664 1.5565 -2.1074 1.5483
17113.27 4.4585 -0.0029 10.5762 1.5530 -2.1018 1.5405
17113.32 4.4609 -0.0117 10.6143 1.5486 -2.0943 1.5476
17113.391 4.4663 -0.0215 10.6201 1.5480 -2.0964 1.5432
17113.423 4.4795 -0.0127 10.6230 1.5536 -2.0989 1.5478
17113.487 4.4878 -0.0039 10.6396 1.5454 -2.1019 1.5511
17113.529 4.4902 -0.0186 10.6270 1.5420 -2.1025 1.5453
17113.58 4.5044 -0.0078 10.6426 1.5404 -2.1036 1.5576
17113.632 4.5039 -0.0156 10.6543 1.5570 -2.1037 1.5565
17113.681 4.5112 -0.0215 10.6455 1.5540 -2.1086 1.5526
17113.732 4.5059 -0.0361 10.6680 1.5568 -2.1159 1.5596
17113.777 4.4976 -0.0449 10.6826 1.5486 -2.1056 1.5600
17113.833 4.4971 -0.0391 10.6621 1.5465 -2.0928 1.5571
