17218.588 -0.0078 0.0017 -0.0085 0.0089 0.0037 -0.0054
17218.632 0.0088 0.0142 0.0024 0.0064 0.0045 0.0021
17218.689 -0.0049 0.0090 -0.0042 0.0082 0.0116 0.0020
17218.728 0.0059 0.0156 0.0000 0.0143 0.0124 0.0028
17218.771 0.0049 0.0134 0.0042 0.0103 0.0137 0.0027
17218.827 0.0010 0.0269 -0.0034 0.0126 0.0136 0.0054
17218.871 -0.0029 0.0090 -0.0061 0.0206 0.0097 0.0063
17218.932 0.0146 0.0020 -0.0293 0.0209 0.0181 -0.0020
17218.971 0.0156 0.0105 -0.0193 0.0308 0.0108 -0.0064
17219.026 0.0313 0.0220 -0.0435 0.0378 0.0088 -0.0070
17219.077 0.0371 0.0266 -0.0403 0.0401 0.0039 -0.0024
17219.134 0.0283 0.0264 -0.0244 0.0395 0.0029 -0.0068
17219.173 0.0537 0.0134 -0.0183 0.0303 -0.0039 0.0022
17219.224 0.0488 0.0249 -0.0200 0.0378 -0.0065 0.0163
17219.275 0.0586 0.0403 -0.0315 0.0458 -0.0147 0.0129
17219.327 0.0498 0.0400 -0.0010 0.0471 -0.0224 0.0108
17219.376 0.0439 0.0339 -0.0212 0.0389 -0.0331 0.0117
17219.429 0.0420 0.0308 -0.0356 0.0416 -0.0298 0.0201
17219.478 0.0605 0.0276 -0.0286 0.0410 -0.0362 0.0233
17219.529 0.0664 0.0107 -0.0137 0.0370 -0.0406 0.0280
17219.579 0.0615 0.0251 -0.0251 0.0302 -0.0517 0.0231
17219.628 0.0742 0.0122 -0.0229 0.0249 -0.0532 0.0230
17219.679 0.0684 0.0168 -0.0168 0.0257 -0.0471 0.0238
17219.728 0.0713 0.0127 -0.0029 0.0313 -0.0420 0.0194
17219.779 0.0664 0.0144 0.0051 0.0221 -0.0397 0.0231
17219.829 0.0527 0.0229 0.0151 0.0224 -0.0422 0.0201
17219.88 0.0527 0.0168 0.0300 0.0142 -0.0328 0.0238
17219.931 0.0420 0.0020 0.0313 0.0141 -0.0315 0.0265
17219.98 0.0498 0.0056 0.0129 0.0030 -0.0297 0.0287
17220.031 0.0410 0.0093 0.0024 0.0057 -0.0380 0.0315
17220.08 0.0391 0.0012 -0.0100 0.0089 -0.0428 0.0328
17220.135 0.0605 0.0000 -0.0186 0.0231 -0.0396 0.0265
17220.173 0.0576 -0.0081 -0.0017 0.0158 -0.0417 0.0301
17220.229 0.0508 0.0054 -0.0024 0.0148 -0.0456 0.0300
17220.282 0.0596 0.0100 0.0095 0.0161 -0.0429 0.0390
17220.332 0.0703 -0.0166 -0.0039 0.0092 -0.0492 0.0345
17220.383 0.0645 -0.0061 0.0002 0.0034 -0.0455 0.0363
17220.432 0.0732 0.0005 0.0103 -0.0005 -0.0427 0.0328
17220.485 0.0654 0.0129 0.0154 -0.0083 -0.0405 0.0318
17220.535 0.0732 0.0059 0.0029 -0.0075 -0.0382 0.0288
17220.584 0.0703 0.0125 0.0149 -0.0133 -0.0383 0.0205
17220.628 0.0684 0.0161 0.0103 -0.0144 -0.0461 0.0252
17220.677 0.0801 0.0149 0.0066 -0.0198 -0.0438 0.0279
17220.728 0.0674 0.0146 -0.0098 -0.0113 -0.0396 0.0192
17220.779 0.0830 0.0164 -0.0330 -0.0138 -0.0493 0.0224
17220.832 0.0830 0.0190 -0.0249 -0.0164 -0.0547 0.0218
17220.883 0.0869 0.0198 0.0076 -0.0069 -0.0567 0.0198
17220.936 0.0830 0.0225 0.0039 -0.0004 -0.0582 0.0134
17220.978 0.0967 0.0222 -0.0164 -0.0015 -0.0674 0.0105
17221.045 0.0859 0.0200 0.0063 0.0013 -0.0728 0.0113
17221.08 0.0957 0.0208 0.0125 0.0026 -0.0734 0.0116
17221.143 0.0908 0.0186 -0.0049 -0.0019 -0.0678 0.0115
17221.188 0.1035 0.0183 -0.0359 -0.0087 -0.0770 0.0104
17221.229 0.1025 0.0229 -0.0142 -0.0202 -0.0828 0.0103
17221.293 0.1074 0.0354 -0.0100 -0.0137 -0.0834 0.0097
17221.337 0.0947 0.0400 -0.0078 -0.0090 -0.0835 0.0086
17221.388 0.0898 0.0349 -0.0027 0.0066 -0.0884 0.0128
17221.432 0.0977 0.0386 -0.0093 0.0122 -0.0795 -0.0002
17221.484 0.0928 0.0315 -0.0325 0.0159 -0.0701 -0.0104
17221.534 0.1016 0.0205 -0.0439 0.0219 -0.0678 -0.0177
17221.585 0.1064 0.0222 -0.0457 0.0290 -0.0632 -0.0130
17221.634 0.1172 0.0181 -0.0591 0.0250 -0.0709 -0.0069
17221.685 0.1279 0.0208 -0.0667 0.0235 -0.0682 -0.0004
17221.734 0.1484 0.0146 -0.0684 0.0224 -0.0692 0.0009
17221.782 0.1484 0.0183 -0.0652 0.0222 -0.0775 0.0003
17221.84 0.1553 0.0356 -0.0728 0.0269 -0.0733 0.0030
17221.884 0.1729 0.0413 -0.0627 0.0277 -0.0682 0.0105
17221.946 0.1807 0.0303 -0.0615 0.0209 -0.0793 0.0061
17221.988 0.1719 0.0349 -0.0544 0.0179 -0.0717 0.0007
17222.041 0.1777 0.0288 -0.0620 0.0245 -0.0714 0.0040
17222.09 0.1846 0.0237 -0.0491 0.0234 -0.0782 0.0115
17222.141 0.1904 0.0146 -0.0498 0.0128 -0.0802 0.0094
17222.193 0.1846 0.0007 -0.0398 0.0122 -0.0746 0.0055
17222.239 0.1816 0.0024 -0.0610 0.0063 -0.0743 -0.0023
17222.289 0.1953 -0.0125 -0.0540 0.0095 -0.0768 0.0105
17222.342 0.2012 -0.0225 -0.0498 0.0032 -0.0831 0.0018
17222.386 0.1924 -0.0237 -0.0330 -0.0008 -0.0827 0.0045
17222.437 0.1855 -0.0259 -0.0483 -0.0090 -0.0871 0.0025
17222.486 0.1729 -0.0085 -0.0315 -0.0110 -0.0854 -0.0005
17222.538 0.1758 0.0078 -0.0605 -0.0088 -0.0874 -0.0059
17222.591 0.1904 0.0085 -0.0613 -0.0113 -0.0856 -0.0118
17222.64 0.2031 -0.0103 -0.0151 -0.0124 -0.0685 0.0000
17222.693 0.2207 0.0032 -0.0237 -0.0158 -0.0596 0.0018
17222.742 0.2197 0.0020 -0.0430 -0.0169 -0.0621 -0.0007
17222.795 0.2295 0.0007 -0.0291 -0.0247 -0.0527 -0.0075
17222.846 0.2373 0.0063 -0.0269 -0.0324 -0.0485 -0.0167
17222.893 0.2354 0.0081 -0.0237 -0.0311 -0.0415 -0.0163
17222.942 0.2373 0.0127 -0.0313 -0.0346 -0.0478 -0.0117
17222.995 0.2412 0.0144 -0.0222 -0.0333 -0.0455 -0.0061
17223.045 0.2412 0.0054 -0.0444 -0.0358 -0.0456 -0.0072
17223.088 0.2373 0.0042 -0.0774 -0.0364 -0.0472 0.0032
17223.14 0.2334 0.0098 -0.0898 -0.0413 -0.0550 0.0045
17223.189 0.2246 0.0154 -0.1150 -0.0438 -0.0598 0.0005
17223.24 0.2168 0.0190 -0.1206 -0.0587 -0.0676 -0.0134
17223.292 0.2012 0.0110 -0.1096 -0.0622 -0.0649 -0.0021
17223.343 0.1992 0.0098 -0.0977 -0.0633 -0.0645 -0.0079
17223.395 0.2051 0.0125 -0.1062 -0.0682 -0.0680 -0.0128
17223.448 0.2021 0.0161 -0.1147 -0.0669 -0.0695 -0.0087
17223.497 0.2031 0.0188 -0.1213 -0.0675 -0.0639 -0.0131
17223.55 0.2002 0.0059 -0.0859 -0.0743 -0.0564 -0.0075
17223.601 0.1934 -0.0051 -0.0945 -0.0730 -0.0465 -0.0014
17223.646 0.1816 -0.0122 -0.1128 -0.0726 -0.0595 -0.0039
17223.695 0.1758 -0.0105 -0.1047 -0.0775 -0.0587 0.0007
17223.745 0.1836 -0.0020 -0.1338 -0.0686 -0.0588 -0.0013
17223.798 0.1748 -0.0032 -0.1228 -0.0702 -0.0627 -0.0091
17223.847 0.1670 -0.0151 -0.1304 -0.0684 -0.0719 -0.0087
17223.898 0.1602 -0.0330 -0.1321 -0.0671 -0.0701 -0.0027
17223.947 0.1748 -0.0410 -0.1240 -0.0639 -0.0636 -0.0114
17224.019 0.1836 -0.0393 -0.1423 -0.0664 -0.0661 -0.0129
17224.05 0.1787 -0.0288 -0.1450 -0.0675 -0.0671 -0.0021
17224.114 0.1846 -0.0291 -0.1184 -0.0747 -0.0754 -0.0079
17224.159 0.1826 -0.0186 -0.1113 -0.0749 -0.0774 0.0000
17224.208 0.1895 -0.0168 -0.1101 -0.0755 -0.0756 0.0009
17224.26 0.1777 -0.0044 -0.1138 -0.0746 -0.0662 0.0122
17224.313 0.1758 -0.0037 -0.1213 -0.0772 -0.0711 0.0116
17224.362 0.1777 -0.0039 -0.1309 -0.0825 -0.0779 0.0019
17224.405 0.1904 -0.0139 -0.1101 -0.0831 -0.0775 0.0094
17224.469 0.2080 -0.0083 -0.1382 -0.0775 -0.0724 0.0107
17224.51 0.2129 -0.0183 -0.1301 -0.0810 -0.0725 -0.0047
17224.561 0.2051 -0.0107 -0.1328 -0.0826 -0.0750 -0.0129
17224.612 0.2002 -0.0042 -0.1755 -0.0846 -0.0866 -0.0035
17224.664 0.2109 -0.0005 -0.1577 -0.0785 -0.0862 0.0102
17224.717 0.2207 0.0042 -0.1614 -0.0734 -0.0959 0.0091
17224.774 0.2246 0.0039 -0.1582 -0.0678 -0.0979 0.0143
17224.812 0.2207 -0.0071 -0.1619 -0.0708 -0.1009 0.0136
17224.864 0.2227 -0.0151 -0.1626 -0.0709 -0.0967 0.0164
17224.918 0.2344 -0.0154 -0.1848 -0.0687 -0.0835 0.0248
17224.968 0.2393 -0.0205 -0.1797 -0.0659 -0.0860 0.0147
17225.019 0.2412 -0.0266 -0.1746 -0.0746 -0.0761 0.0093
17225.064 0.2520 -0.0337 -0.1948 -0.0657 -0.0829 0.0092
17225.124 0.2529 -0.0437 -0.1858 -0.0654 -0.0849 0.0029
17225.166 0.2588 -0.0420 -0.1865 -0.0684 -0.0898 0.0023
17225.228 0.2617 -0.0364 -0.1648 -0.0718 -0.0938 0.0064
17225.273 0.2725 -0.0269 -0.1812 -0.0719 -0.0958 -0.0013
17225.324 0.2891 -0.0330 -0.1663 -0.0773 -0.1011 0.0014
17225.39 0.2871 -0.0313 -0.1660 -0.0856 -0.0975 0.0065
17225.417 0.2822 -0.0256 -0.1755 -0.0857 -0.0942 0.0178
17225.481 0.2988 -0.0405 -0.1909 -0.0887 -0.0915 0.0163
17225.524 0.2969 -0.0417 -0.2092 -0.0864 -0.0854 0.0085
17225.575 0.3018 -0.0313 -0.2422 -0.0660 -0.0793 0.0046
17225.625 0.2900 -0.0383 -0.2488 -0.0633 -0.0771 0.0107
17225.676 0.2783 -0.0259 -0.2319 -0.0744 -0.0724 0.0100
17225.727 0.2705 -0.0164 -0.2493 -0.0779 -0.0649 0.0037
17225.78 0.2744 -0.0371 -0.2354 -0.0804 -0.0593 0.0022
17225.833 0.2773 -0.0569 -0.2429 -0.0924 -0.0623 0.0016
17225.882 0.2793 -0.0396 -0.2524 -0.0907 -0.0633 0.0086
17225.926 0.2891 -0.0447 -0.2649 -0.0936 -0.0716 0.0061
17225.975 0.3008 -0.0313 -0.2588 -0.0942 -0.0722 0.0055
17226.028 0.3066 -0.0442 -0.2664 -0.1044 -0.0713 0.0101
17226.079 0.3184 -0.0464 -0.2827 -0.1126 -0.0724 0.0148
17226.13 0.3115 -0.0515 -0.2776 -0.1199 -0.0725 0.0122
17226.181 0.3193 -0.0518 -0.2998 -0.1095 -0.0731 0.0059
17226.234 0.3203 -0.0422 -0.3123 -0.1082 -0.0675 0.0096
17226.285 0.2998 -0.0366 -0.3354 -0.1184 -0.0686 0.0085
17226.335 0.3018 -0.0398 -0.3430 -0.1080 -0.0826 0.0070
17226.387 0.2998 -0.0469 -0.3291 -0.1115 -0.0755 -0.0022
17226.437 0.2988 -0.0432 -0.3298 -0.0997 -0.0771 -0.0086
17226.489 0.2881 -0.0474 -0.3179 -0.0979 -0.0739 -0.0082
17226.542 0.2969 -0.0623 -0.3118 -0.0961 -0.0620 -0.0107
17226.594 0.3018 -0.0771 -0.3018 -0.0972 -0.0574 -0.0156
17226.645 0.3115 -0.0911 -0.3230 -0.0969 -0.0666 -0.0053
17226.695 0.3184 -0.0864 -0.3208 -0.1065 -0.0653 -0.0054
17226.746 0.3340 -0.0984 -0.3264 -0.1114 -0.0683 -0.0036
17226.797 0.3311 -0.1016 -0.3408 -0.1025 -0.0650 -0.0033
17226.847 0.3242 -0.1155 -0.3386 -0.0964 -0.0661 -0.0082
17226.898 0.3320 -0.1021 -0.3472 -0.0994 -0.0672 -0.0116
17226.948 0.3262 -0.1091 -0.3411 -0.1081 -0.0783 -0.0046
17226.998 0.3281 -0.1123 -0.3301 -0.0992 -0.0898 -0.0052
17227.052 0.3242 -0.1028 -0.3289 -0.1050 -0.0952 -0.0082
17227.116 0.3320 -0.0942 -0.3550 -0.1052 -0.0934 -0.0107
17227.16 0.3242 -0.1072 -0.3655 -0.1043 -0.0897 0.0006
17227.206 0.3213 -0.1074 -0.3857 -0.0983 -0.0965 0.0048
17227.257 0.3271 -0.0999 -0.3572 -0.0984 -0.0871 0.0042
17227.308 0.3193 -0.0972 -0.3423 -0.1076 -0.0872 -0.0007
17227.357 0.3086 -0.0740 -0.3293 -0.1001 -0.0840 0.0025
17227.409 0.3027 -0.0615 -0.3447 -0.1083 -0.0851 0.0052
17227.459 0.3037 -0.0569 -0.3289 -0.1099 -0.0766 0.0061
17227.512 0.3047 -0.0474 -0.3140 -0.1148 -0.0753 0.0245
17227.564 0.3057 -0.0574 -0.3167 -0.1173 -0.0869 0.0216
17227.616 0.3213 -0.0674 -0.3027 -0.1145 -0.0832 0.0267
17227.685 0.3281 -0.0725 -0.2791 -0.1185 -0.0833 0.0370
17227.717 0.3428 -0.0630 -0.2896 -0.1177 -0.0882 0.0388
17227.774 0.3545 -0.0759 -0.2893 -0.1216 -0.0940 0.0406
17227.834 0.3545 -0.0830 -0.3115 -0.1289 -0.0918 0.0515
17227.866 0.3721 -0.0930 -0.3123 -0.1343 -0.0871 0.0466
17227.933 0.3760 -0.0991 -0.3247 -0.1249 -0.0782 0.0526
17227.977 0.3652 -0.0896 -0.3323 -0.1140 -0.0792 0.0549
17228.028 0.3662 -0.0859 -0.3506 -0.1118 -0.0779 0.0533
17228.078 0.3682 -0.0696 -0.3201 -0.1071 -0.0704 0.0651
17228.131 0.3711 -0.0728 -0.3081 -0.1087 -0.0653 0.0679
17228.183 0.3711 -0.0632 -0.3225 -0.1016 -0.0559 0.0758
17228.235 0.3662 -0.0527 -0.3193 -0.0994 -0.0474 0.0771
17228.279 0.3613 -0.0491 -0.3357 -0.1005 -0.0518 0.0737
17228.332 0.3662 -0.0405 -0.3394 -0.1111 -0.0548 0.0736
17228.381 0.3555 -0.0339 -0.3069 -0.1093 -0.0463 0.0725
17228.432 0.3613 -0.0303 -0.3047 -0.1156 -0.0436 0.0895
17228.501 0.3672 -0.0295 -0.3005 -0.1196 -0.0375 0.0899
17228.546 0.3643 -0.0288 -0.2876 -0.1145 -0.0372 0.0936
17228.588 0.3633 -0.0212 -0.2639 -0.1165 -0.0320 0.0720
17228.641 0.3672 -0.0225 -0.2539 -0.1161 -0.0321 0.0718
17228.692 0.3770 -0.0149 -0.2380 -0.1172 -0.0337 0.0698
17228.745 0.3848 -0.0083 -0.2173 -0.1245 -0.0343 0.0620
17228.796 0.3887 -0.0164 -0.1877 -0.1127 -0.0301 0.0629
17228.849 0.4033 -0.0117 -0.1699 -0.1162 -0.0374 0.0685
17228.898 0.3945 -0.0081 -0.1453 -0.1196 -0.0428 0.0688
17228.951 0.3975 -0.0063 -0.1450 -0.1231 -0.0362 0.0677
17229.002 0.4004 -0.0183 -0.1116 -0.1275 -0.0516 0.0676
17229.052 0.3965 -0.0195 -0.1016 -0.1296 -0.0465 0.0594
17229.116 0.4033 -0.0120 -0.0886 -0.1359 -0.0485 0.0621
17229.157 0.4004 -0.0054 -0.0894 -0.1441 -0.0529 0.0596
17229.204 0.3916 -0.0076 -0.0706 -0.1457 -0.0530 0.0576
17229.256 0.4033 -0.0205 -0.0605 -0.1449 -0.0512 0.0541
17229.307 0.3887 -0.0217 -0.0671 -0.1436 -0.0518 0.0530
17229.372 0.3828 -0.0220 -0.0464 -0.1451 -0.0615 0.0500
17229.402 0.3818 -0.0310 -0.0374 -0.1457 -0.0549 0.0566
17229.466 0.3916 -0.0234 -0.0068 -0.1521 -0.0532 0.0631
17229.512 0.3828 -0.0334 -0.0017 -0.1498 -0.0504 0.0630
17229.553 0.3838 -0.0356 0.0161 -0.1566 -0.0424 0.0652
17229.626 0.4014 -0.0359 0.0232 -0.1615 -0.0397 0.0646
17229.66 0.4072 -0.0508 0.0176 -0.1573 -0.0441 0.0597
17229.705 0.4111 -0.0608 0.0042 -0.1570 -0.0313 0.0501
17229.775 0.4023 -0.0552 -0.0063 -0.1414 -0.0324 0.0533
17229.805 0.3936 -0.0535 -0.0110 -0.1420 -0.0359 0.0570
17229.873 0.3945 -0.0566 0.0059 -0.1521 -0.0274 0.0564
17229.918 0.4023 -0.0559 -0.0037 -0.1561 -0.0247 0.0529
17229.954 0.4072 -0.0708 -0.0063 -0.1610 -0.0267 0.0533
17230.018 0.4043 -0.0798 -0.0012 -0.1592 -0.0254 0.0622
17230.061 0.4092 -0.0801 0.0137 -0.1564 -0.0327 0.0625
17230.113 0.4131 -0.0715 0.0042 -0.1504 -0.0299 0.0724
17230.165 0.4131 -0.0757 -0.0005 -0.1562 -0.0300 0.0790
17230.215 0.4482 -0.0779 0.0115 -0.1564 -0.0411 0.0831
17230.266 0.4512 -0.0830 0.0313 -0.1565 -0.0460 0.0806
17230.315 0.4551 -0.0901 0.0374 -0.1557 -0.0428 0.0834
17230.368 0.4395 -0.0737 0.0483 -0.1544 -0.0443 0.0751
17230.419 0.4531 -0.0828 0.0437 -0.1535 -0.0344 0.0774
17230.462 0.4580 -0.0898 0.0400 -0.1455 -0.0346 0.0835
17230.513 0.4697 -0.0979 0.0657 -0.1419 -0.0404 0.0800
17230.564 0.4668 -0.0913 0.0796 -0.1496 -0.0410 0.0746
17230.615 0.4648 -0.0945 0.0964 -0.1454 -0.0440 0.0826
17230.666 0.4678 -0.0957 0.1270 -0.1289 -0.0527 0.0868
17230.719 0.4600 -0.0969 0.1487 -0.1309 -0.0600 0.0876
17230.781 0.4658 -0.1050 0.1489 -0.1454 -0.0558 0.0922
17230.812 0.4668 -0.1042 0.1580 -0.1522 -0.0540 0.0998
17230.873 0.4619 -0.1016 0.1475 -0.1585 -0.0603 0.0858
17230.933 0.4639 -0.1008 0.1663 -0.1558 -0.0633 0.1014
17230.976 0.4805 -0.0874 0.1665 -0.1564 -0.0568 0.1108
17231.019 0.4707 -0.0759 0.1804 -0.1579 -0.0554 0.1050
17231.078 0.4746 -0.0713 0.1914 -0.1642 -0.0656 0.1134
17231.127 0.4600 -0.0637 0.1907 -0.1730 -0.0667 0.1123
17231.178 0.4580 -0.0688 0.1919 -0.1669 -0.0811 0.1060
17231.227 0.4600 -0.0613 0.2224 -0.1651 -0.0917 0.1064
17231.278 0.4590 -0.0625 0.2236 -0.1648 -0.0909 0.1053
17231.329 0.4561 -0.0686 0.2170 -0.1759 -0.0934 0.1023
17231.4 0.4521 -0.0767 0.2505 -0.1731 -0.1016 0.1069
17231.424 0.4688 -0.0740 0.2498 -0.1713 -0.0898 0.1116
17231.488 0.4590 -0.0615 0.2617 -0.1786 -0.0895 0.0986
17231.551 0.4639 -0.0657 0.2649 -0.1778 -0.0877 0.0965
17231.581 0.4600 -0.0688 0.2603 -0.1703 -0.0954 0.0926
17231.644 0.4668 -0.0652 0.2498 -0.1637 -0.0879 0.0925
17231.69 0.4688 -0.0752 0.2637 -0.1639 -0.0976 0.0952
17231.736 0.4590 -0.0579 0.2766 -0.1640 -0.0972 0.0893
17231.786 0.4678 -0.0522 0.2642 -0.1551 -0.1040 0.0859
17231.838 0.4473 -0.0525 0.2527 -0.1604 -0.0979 0.0891
17231.89 0.4639 -0.0527 0.2598 -0.1563 -0.0985 0.0828
17231.941 0.4648 -0.0334 0.2668 -0.1502 -0.1001 0.0817
17231.99 0.4678 -0.0386 0.2700 -0.1288 -0.0921 0.0706
17232.041 0.4805 -0.0378 0.2820 -0.1218 -0.0884 0.0714
17232.09 0.4932 -0.0283 0.2920 -0.1277 -0.0771 0.0823
17232.141 0.4941 -0.0217 0.3069 -0.1245 -0.0786 0.0802
17232.192 0.4980 -0.0190 0.3374 -0.1217 -0.0773 0.0777
17232.242 0.4980 -0.0144 0.3357 -0.1118 -0.0779 0.0728
17232.295 0.4902 -0.0137 0.3418 -0.1172 -0.0771 0.0607
17232.345 0.4971 -0.0247 0.3215 -0.1140 -0.0853 0.0601
17232.396 0.5088 -0.0200 0.3530 -0.1170 -0.0792 0.0629
17232.449 0.5098 -0.0349 0.3533 -0.1185 -0.0736 0.0704
17232.5 0.5127 -0.0342 0.3652 -0.1182 -0.0752 0.0769
17232.543 0.5098 -0.0344 0.3772 -0.1150 -0.0748 0.0821
17232.613 0.5117 -0.0405 0.4028 -0.1199 -0.0792 0.0910
17232.656 0.4971 -0.0417 0.4255 -0.1162 -0.0707 0.0966
17232.696 0.5078 -0.0234 0.4463 -0.1149 -0.0709 0.1051
17232.759 0.5049 -0.0295 0.4573 -0.1112 -0.0781 0.1011
17232.804 0.5107 -0.0415 0.4390 -0.1042 -0.0826 0.1048
17232.853 0.5176 -0.0417 0.4539 -0.0962 -0.0898 0.1061
17232.905 0.5166 -0.0361 0.4551 -0.0992 -0.0938 0.0979
17232.956 0.5293 -0.0217 0.4514 -0.1041 -0.0934 0.0954
17233.005 0.5322 -0.0181 0.4546 -0.0985 -0.0950 0.0938
17233.056 0.5410 -0.0242 0.4441 -0.0953 -0.0884 0.0970
17233.12 0.5391 -0.0254 0.4697 -0.0944 -0.0752 0.1016
17233.152 0.5322 -0.0295 0.5110 -0.0884 -0.0767 0.0982
17233.215 0.5332 -0.0327 0.4771 -0.0832 -0.0711 0.0966
17233.256 0.5303 -0.0261 0.4871 -0.0824 -0.0722 0.0932
17233.307 0.5264 -0.0195 0.5088 -0.0907 -0.0680 0.0925
17233.358 0.5342 -0.0139 0.5002 -0.1046 -0.0657 0.1077
17233.409 0.5332 -0.0063 0.5063 -0.1124 -0.0673 0.1009
17233.46 0.5283 -0.0066 0.5154 -0.1063 -0.0741 0.1046
17233.511 0.5254 -0.0078 0.5146 -0.1103 -0.0799 0.1011
17233.562 0.5244 0.0017 0.5393 -0.1080 -0.0720 0.0938
17233.613 0.5400 -0.0103 0.5396 -0.1053 -0.0749 0.0975
17233.665 0.5439 -0.0183 0.5564 -0.0954 -0.0693 0.0921
17233.714 0.5508 -0.0068 0.5576 -0.0936 -0.0690 0.0906
17233.775 0.5576 -0.0100 0.5842 -0.0932 -0.0772 0.0895
17233.815 0.5479 -0.0093 0.6021 -0.0981 -0.0773 0.0860
17233.865 0.5586 -0.0144 0.6033 -0.0940 -0.0841 0.0854
17233.916 0.5537 -0.0225 0.6133 -0.0879 -0.0871 0.0820
17233.978 0.5684 -0.0159 0.5911 -0.0880 -0.0820 0.0842
17234.009 0.5742 -0.0278 0.6099 -0.0901 -0.0797 0.0807
17234.074 0.5771 -0.0154 0.6179 -0.0978 -0.0837 0.0782
17234.119 0.5771 -0.0176 0.6436 -0.0922 -0.0785 0.0881
17234.168 0.5830 -0.0120 0.6624 -0.1005 -0.0820 0.0875
17234.214 0.5859 -0.0190 0.6763 -0.1001 -0.0912 0.0974
17234.263 0.5928 -0.0076 0.6628 -0.1050 -0.0946 0.1059
17234.314 0.6084 -0.0029 0.6582 -0.0989 -0.0924 0.1015
17234.365 0.6182 -0.0022 0.6741 -0.1034 -0.0820 0.1051
17234.416 0.6240 -0.0083 0.6558 -0.1006 -0.0917 0.1026
17234.465 0.6338 -0.0164 0.6677 -0.0998 -0.0884 0.1068
17234.519 0.6494 -0.0391 0.6904 -0.0999 -0.0747 0.1071
17234.568 0.6523 -0.0354 0.6877 -0.0972 -0.0744 0.1056
17234.618 0.6621 -0.0425 0.7065 -0.0859 -0.0707 0.1150
17234.668 0.6611 -0.0320 0.7019 -0.0826 -0.0689 0.1301
17234.72 0.6719 -0.0186 0.7139 -0.0770 -0.0709 0.1396
17234.77 0.6797 -0.0198 0.7239 -0.0786 -0.0686 0.1542
17234.821 0.6973 -0.0112 0.7524 -0.0663 -0.0668 0.1527
17234.874 0.6855 -0.0251 0.7498 -0.0655 -0.0632 0.1573
17234.923 0.6807 -0.0283 0.7813 -0.0604 -0.0556 0.1562
17234.976 0.6699 -0.0247 0.7737 -0.0562 -0.0581 0.1690
17235.027 0.6572 -0.0259 0.7896 -0.0478 -0.0578 0.1750
17235.079 0.6572 -0.0281 0.7869 -0.0531 -0.0584 0.1721
17235.143 0.6631 -0.0225 0.7783 -0.0595 -0.0547 0.1719
17235.173 0.6660 -0.0139 0.7864 -0.0667 -0.0543 0.1718
17235.238 0.6680 -0.0210 0.8101 -0.0669 -0.0554 0.1683
17235.28 0.6689 -0.0310 0.8259 -0.0713 -0.0617 0.1701
17235.334 0.6787 -0.0254 0.8379 -0.0743 -0.0523 0.1762
17235.382 0.6758 -0.0334 0.8479 -0.0625 -0.0577 0.1708
17235.433 0.6855 -0.0229 0.8540 -0.0559 -0.0564 0.1769
17235.482 0.6895 -0.0154 0.8875 -0.0718 -0.0503 0.1806
17235.533 0.7012 -0.0107 0.8867 -0.0667 -0.0580 0.1886
17235.583 0.7061 -0.0042 0.9104 -0.0678 -0.0677 0.1899
17235.635 0.7139 -0.0024 0.9146 -0.0741 -0.0664 0.1864
17235.686 0.7197 0.0022 0.9402 -0.0671 -0.0722 0.1848
17235.739 0.7256 0.0039 0.9668 -0.0739 -0.0800 0.1876
17235.788 0.7246 -0.0100 0.9641 -0.0683 -0.0811 0.1836
17235.841 0.7295 -0.0151 0.9419 -0.0646 -0.0840 0.1859
17235.89 0.7314 -0.0183 0.9509 -0.0599 -0.0980 0.1872
17235.955 0.7432 -0.0244 0.9551 -0.0510 -0.1048 0.1828
17235.999 0.7422 -0.0247 0.9583 -0.0564 -0.1097 0.1788
17236.042 0.7383 -0.0220 0.9321 -0.0503 -0.1155 0.1844
17236.093 0.7402 -0.0134 0.9402 -0.0428 -0.1199 0.1938
17236.142 0.7520 -0.0186 0.9258 -0.0405 -0.1201 0.1846
17236.195 0.7656 -0.0090 0.9358 -0.0349 -0.1226 0.1883
17236.246 0.7656 -0.0132 0.9438 -0.0341 -0.1232 0.1925
17236.299 0.7549 -0.0183 0.9265 -0.0300 -0.1233 0.1824
17236.348 0.7588 0.0029 0.9326 -0.0162 -0.1353 0.1741
17236.4 0.7705 -0.0012 0.9309 -0.0135 -0.1364 0.1687
17236.448 0.7705 -0.0015 0.9526 -0.0246 -0.1480 0.1677
17236.5 0.7637 0.0120 0.9490 -0.0266 -0.1505 0.1651
17236.551 0.7695 0.0137 0.9756 -0.0354 -0.1415 0.1603
17236.601 0.7686 0.0144 0.9993 -0.0302 -0.1455 0.1534
17236.652 0.7646 0.0034 0.9927 -0.0432 -0.1590 0.1500
17236.705 0.7705 -0.0027 1.0027 -0.0353 -0.1624 0.1532
17236.773 0.7695 -0.0156 0.9961 -0.0378 -0.1644 0.1626
17236.801 0.7871 -0.0247 1.0120 -0.0393 -0.1612 0.1610
17236.862 0.7871 -0.0298 1.0151 -0.0428 -0.1561 0.1547
17236.902 0.7881 -0.0349 1.0369 -0.0496 -0.1515 0.1598
17236.955 0.7832 -0.0449 1.0605 -0.0493 -0.1487 0.1688
17237.004 0.7920 -0.0471 1.0559 -0.0642 -0.1388 0.1701
17237.055 0.7979 -0.0552 1.0503 -0.0676 -0.1370 0.1833
17237.12 0.8076 -0.0613 1.0691 -0.0697 -0.1333 0.1913
17237.161 0.8086 -0.0781 1.1016 -0.0817 -0.1411 0.1797
17237.213 0.7979 -0.0862 1.1067 -0.0814 -0.1493 0.1801
17237.265 0.8086 -0.0962 1.1157 -0.0896 -0.1523 0.1790
17237.316 0.8096 -0.0935 1.0896 -0.0874 -0.1524 0.1808
17237.366 0.8154 -0.0928 1.0996 -0.0970 -0.1626 0.1916
17237.416 0.8252 -0.0901 1.0989 -0.0924 -0.1674 0.1896
17237.466 0.8438 -0.1011 1.0737 -0.0930 -0.1657 0.1789
17237.516 0.8701 -0.0994 1.0632 -0.0888 -0.1705 0.1750
17237.585 0.8701 -0.0879 1.0840 -0.0847 -0.1649 0.1816
17237.628 0.8711 -0.0842 1.0735 -0.0982 -0.1861 0.1833
17237.677 0.8779 -0.0747 1.0708 -0.1040 -0.1867 0.1789
17237.72 0.8721 -0.0710 1.0662 -0.1075 -0.1763 0.1845
17237.79 0.8545 -0.0713 1.0605 -0.1128 -0.1898 0.1810
17237.835 0.8516 -0.0813 1.0627 -0.1106 -0.1932 0.1876
17237.879 0.8486 -0.0620 1.0747 -0.1012 -0.1900 0.1903
17237.93 0.8623 -0.0642 1.0632 -0.1008 -0.1977 0.1821
17237.984 0.8525 -0.0596 1.0703 -0.1048 -0.1974 0.1815
17238.036 0.8496 -0.0403 1.0569 -0.0958 -0.1975 0.1828
17238.089 0.8643 -0.0249 1.0845 -0.0960 -0.1857 0.1760
17238.139 0.8691 -0.0251 1.0867 -0.0894 -0.1887 0.1825
17238.19 0.8770 -0.0195 1.0830 -0.0929 -0.1898 0.1886
17238.24 0.8838 -0.0256 1.0676 -0.0887 -0.1970 0.1837
17238.293 0.8828 -0.0308 1.0591 -0.0969 -0.1995 0.1807
17238.344 0.8711 -0.0242 1.0593 -0.1100 -0.2040 0.1739
17238.387 0.8740 -0.0215 1.0342 -0.1096 -0.1988 0.1776
17238.456 0.8779 -0.0247 1.0247 -0.1045 -0.1932 0.1751
17238.501 0.8711 -0.0259 1.0386 -0.1161 -0.1900 0.1831
17238.543 0.8770 -0.0242 1.0320 -0.1138 -0.2078 0.1882
17238.595 0.8623 -0.0156 1.0186 -0.1068 -0.2174 0.1890
17238.647 0.8418 -0.0110 1.0481 -0.1226 -0.2133 0.1932
17238.699 0.8447 0.0063 1.0503 -0.1280 -0.2100 0.1916
17238.748 0.8467 0.0120 1.0339 -0.1329 -0.2044 0.2044
17238.798 0.8457 0.0029 1.0381 -0.1288 -0.2017 0.2200
17238.849 0.8516 0.0007 1.0422 -0.1241 -0.1947 0.2218
17238.919 0.8594 0.0024 1.0269 -0.1190 -0.1900 0.2245
17238.948 0.8672 -0.0007 1.0349 -0.1248 -0.1925 0.2234
17239.013 0.8584 -0.0107 1.0107 -0.1173 -0.1945 0.2228
17239.052 0.8662 -0.0032 1.0188 -0.1136 -0.1932 0.2299
17239.116 0.8848 -0.0044 1.0327 -0.1185 -0.1919 0.2336
17239.159 0.8799 -0.0027 1.0085 -0.1201 -0.1897 0.2301
17239.211 0.8691 -0.0029 0.9697 -0.1164 -0.1898 0.2309
17239.262 0.8604 -0.0042 0.9602 -0.1146 -0.1875 0.2294
17239.311 0.8652 -0.0063 0.9585 -0.1033 -0.1891 0.2240
17239.364 0.8838 0.0012 0.9480 -0.0963 -0.1897 0.2234
17239.415 0.8906 0.0127 0.9453 -0.0950 -0.1907 0.2147
17239.468 0.8984 0.0261 0.9270 -0.0984 -0.1961 0.2055
17239.517 0.8926 0.0317 0.9233 -0.1062 -0.1972 0.2049
17239.568 0.8926 0.0237 0.9216 -0.1035 -0.1921 0.2019
17239.618 0.8896 0.0303 0.9258 -0.1017 -0.1984 0.1855
17239.671 0.8906 0.0359 0.9299 -0.0956 -0.1937 0.1811
17239.722 0.8945 0.0396 0.9429 -0.0962 -0.1967 0.1795
17239.781 0.9004 0.0374 0.9636 -0.0916 -0.2064 0.1804
17239.825 0.8965 0.0342 0.9697 -0.0874 -0.1960 0.1807
17239.866 0.9033 0.0300 0.9573 -0.0775 -0.1904 0.1811
17239.925 0.8984 0.0288 0.9644 -0.0667 -0.1838 0.1895
17239.969 0.9033 0.0247 0.9509 -0.0549 -0.1801 0.1875
17240.017 0.9102 0.0166 0.9688 -0.0622 -0.1731 0.1883
17240.068 0.9141 0.0134 0.9807 -0.0647 -0.1680 0.1915
17240.121 0.9043 0.0015 0.9526 -0.0667 -0.1643 0.2005
17240.171 0.9082 0.0012 0.9392 -0.0659 -0.1558 0.2051
17240.222 0.9199 0.0029 0.9414 -0.0646 -0.1569 0.2126
17240.275 0.9180 0.0154 0.9485 -0.0719 -0.1661 0.2182
17240.317 0.9121 0.0073 0.9438 -0.0658 -0.1600 0.2162
17240.382 0.8994 0.0022 0.9675 -0.0640 -0.1639 0.2151
17240.417 0.8926 0.0020 0.9551 -0.0579 -0.1702 0.2045
17240.481 0.8965 0.0085 0.9417 -0.0581 -0.1661 0.2101
17240.524 0.8906 0.0200 0.9653 -0.0625 -0.1643 0.2004
17240.575 0.8994 0.0178 0.9578 -0.0626 -0.1677 0.2098
17240.618 0.8945 0.0020 0.9697 -0.0603 -0.1683 0.2149
17240.669 0.9033 0.0037 0.9543 -0.0657 -0.1642 0.2158
17240.722 0.9023 0.0083 0.9409 -0.0668 -0.1753 0.2218
17240.773 0.9014 0.0081 0.9539 -0.0717 -0.1706 0.2241
17240.826 0.9131 0.0156 0.9736 -0.0690 -0.1702 0.2283
17240.877 0.8975 0.0115 0.9661 -0.0734 -0.1718 0.2358
17240.928 0.8945 0.0151 0.9712 -0.0687 -0.1714 0.2361
17240.977 0.8916 0.0071 0.9753 -0.0665 -0.1706 0.2327
17241.023 0.9033 0.0098 0.9854 -0.0657 -0.1741 0.2301
17241.073 0.9014 0.0154 0.9651 -0.0624 -0.1713 0.2334
17241.121 0.9023 0.0278 0.9624 -0.0621 -0.1672 0.2332
17241.172 0.8916 0.0227 0.9500 -0.0708 -0.1592 0.2278
17241.225 0.9063 0.0088 0.9551 -0.0743 -0.1579 0.2263
17241.274 0.9141 0.0164 0.9602 -0.0897 -0.1594 0.2185
17241.327 0.9297 0.0093 0.9644 -0.0965 -0.1605 0.2146
17241.378 0.9170 0.0178 0.9646 -0.0990 -0.1520 0.2102
17241.43 0.9219 0.0098 0.9980 -0.0953 -0.1545 0.2100
17241.48 0.9307 0.0037 0.9895 -0.0973 -0.1627 0.2104
17241.522 0.9346 0.0063 1.0015 -0.1075 -0.1633 0.2036
17241.586 0.9395 0.0061 1.0173 -0.1210 -0.1663 0.2030
17241.631 0.9434 -0.0010 0.9941 -0.1216 -0.1583 0.2019
17241.682 0.9551 -0.0081 0.9973 -0.1188 -0.1718 0.2042
17241.733 0.9658 -0.0073 1.0161 -0.1223 -0.1738 0.2021
17241.784 0.9678 -0.0144 1.0154 -0.1243 -0.1654 0.2039
17241.835 0.9639 -0.0156 1.0361 -0.1302 -0.1698 0.2085
17241.886 0.9668 -0.0120 1.0286 -0.1256 -0.1632 0.2141
17241.939 0.9756 -0.0122 1.0493 -0.1190 -0.1567 0.2131
17241.99 0.9824 -0.0144 1.0427 -0.1067 -0.1601 0.2172
17242.043 0.9893 -0.0215 1.0488 -0.1026 -0.1560 0.2147
17242.092 0.9971 -0.0295 1.0667 -0.1017 -0.1484 0.2074
17242.145 0.9932 -0.0337 1.0581 -0.0895 -0.1552 0.2054
17242.196 1.0146 -0.0291 1.0691 -0.0843 -0.1539 0.1909
17242.258 1.0166 -0.0254 1.0615 -0.0821 -0.1583 0.1846
17242.29 1.0137 -0.0344 1.0676 -0.0875 -0.1556 0.1874
17242.352 1.0264 -0.0308 1.0483 -0.0866 -0.1543 0.1829
17242.394 1.0342 -0.0193 1.0750 -0.0810 -0.1673 0.1876
17242.447 1.0391 -0.0352 1.0811 -0.0955 -0.1750 0.1937
17242.496 1.0469 -0.0374 1.0842 -0.0918 -0.1818 0.1902
17242.568 1.0645 -0.0229 1.0933 -0.0952 -0.1791 0.1982
17242.595 1.0713 -0.0232 1.0876 -0.0992 -0.1764 0.1995
17242.658 1.0723 -0.0195 1.1143 -0.0850 -0.1813 0.1898
17242.722 1.0752 -0.0208 1.1301 -0.0827 -0.1795 0.2002
17242.756 1.0674 -0.0220 1.1187 -0.0838 -0.1748 0.1953
17242.81 1.0635 -0.0212 1.1277 -0.0840 -0.1730 0.1923
17242.86 1.0566 -0.0195 1.1416 -0.0822 -0.1779 0.1893
17242.912 1.0674 -0.0208 1.1604 -0.0852 -0.1737 0.1806
17242.963 1.0732 -0.0259 1.1694 -0.0805 -0.1753 0.1819
17243.016 1.0762 -0.0408 1.2253 -0.0978 -0.1721 0.1756
17243.059 1.0684 -0.0469 1.2158 -0.0965 -0.1755 0.1692
17243.12 1.0684 -0.0295 1.2405 -0.1062 -0.1780 0.1700
17243.161 1.0674 -0.0347 1.2456 -0.1054 -0.1753 0.1733
17243.231 1.0635 -0.0251 1.2732 -0.1146 -0.1807 0.1660
17243.276 1.0654 -0.0186 1.2773 -0.1099 -0.1846 0.1763
17243.319 1.0654 -0.0227 1.2805 -0.1124 -0.1809 0.1734
17243.372 1.0781 -0.0171 1.2954 -0.1140 -0.1863 0.1742
17243.421 1.0771 -0.0212 1.2937 -0.1146 -0.1864 0.1693
17243.472 1.1006 -0.0215 1.2949 -0.1209 -0.2027 0.1725
17243.523 1.0967 -0.0198 1.3010 -0.1210 -0.2110 0.1738
17243.593 1.1064 -0.0132 1.2886 -0.1207 -0.2106 0.1808
17243.637 1.1113 -0.0222 1.2996 -0.1156 -0.2050 0.1793
17243.681 1.1055 -0.0215 1.3213 -0.1023 -0.2066 0.1920
17243.732 1.0957 -0.0159 1.3381 -0.1077 -0.2157 0.1924
17243.781 1.0996 -0.0151 1.3481 -0.1078 -0.2168 0.1927
17243.831 1.0947 -0.0203 1.3582 -0.1046 -0.2212 0.1893
17243.88 1.0986 -0.0342 1.3662 -0.0952 -0.2223 0.1901
17243.931 1.0986 -0.0461 1.3635 -0.0958 -0.2239 0.1990
17243.982 1.0850 -0.0591 1.3687 -0.0788 -0.2211 0.1898
17244.032 1.0771 -0.0613 1.3474 -0.0794 -0.2150 0.1821
17244.101 1.0781 -0.0518 1.3164 -0.0852 -0.2137 0.1743
17244.145 1.0908 -0.0383 1.3401 -0.0849 -0.2186 0.1828
17244.194 1.0957 -0.0337 1.3530 -0.0812 -0.2130 0.1760
17244.258 1.1016 -0.0281 1.3669 -0.0785 -0.2212 0.1763
17244.303 1.1035 -0.0293 1.3760 -0.0767 -0.2204 0.1719
17244.347 1.1230 -0.0208 1.3694 -0.0735 -0.2315 0.1646
17244.396 1.1279 -0.0259 1.3706 -0.0731 -0.2311 0.1545
17244.449 1.1201 -0.0271 1.3855 -0.0785 -0.2303 0.1543
17244.498 1.1191 -0.0215 1.4043 -0.0848 -0.2247 0.1561
17244.549 1.1250 -0.0334 1.4299 -0.0816 -0.2186 0.1531
17244.598 1.1309 -0.0474 1.4126 -0.0779 -0.2240 0.1606
17244.651 1.1318 -0.0583 1.4050 -0.0900 -0.2122 0.1710
17244.7 1.1377 -0.0547 1.4238 -0.1020 -0.2113 0.1527
17244.772 1.1309 -0.0579 1.4202 -0.1103 -0.2167 0.1497
17244.804 1.1367 -0.0610 1.4360 -0.1142 -0.2183 0.1358
17244.867 1.1406 -0.0535 1.4646 -0.1148 -0.2193 0.1404
17244.911 1.1396 -0.0459 1.4668 -0.1121 -0.2238 0.1446
17244.962 1.1357 -0.0500 1.4768 -0.1117 -0.2310 0.1540
17245.015 1.1250 -0.0454 1.4644 -0.1133 -0.2187 0.1443
17245.064 1.1328 -0.0535 1.4763 -0.1230 -0.2179 0.1433
17245.114 1.1357 -0.0605 1.4844 -0.1083 -0.2156 0.1417
17245.165 1.1387 -0.0598 1.4983 -0.1175 -0.2134 0.1468
17245.214 1.1455 -0.0581 1.5024 -0.1329 -0.2106 0.1505
17245.265 1.1455 -0.0740 1.5154 -0.1344 -0.2160 0.1427
17245.314 1.1475 -0.0654 1.5361 -0.1470 -0.2147 0.1474
17245.364 1.1758 -0.0657 1.5442 -0.1457 -0.2120 0.1511
17245.435 1.1846 -0.0757 1.5542 -0.1444 -0.2102 0.1557
17245.478 1.1816 -0.0789 1.5750 -0.1493 -0.2179 0.1508
17245.523 1.1855 -0.0781 1.5850 -0.1451 -0.2056 0.1645
17245.574 1.1689 -0.0813 1.5901 -0.1476 -0.2139 0.1668
17245.645 1.1758 -0.0659 1.6401 -0.1458 -0.2102 0.1710
17245.675 1.1846 -0.0818 1.6316 -0.1546 -0.2017 0.1823
17245.737 1.1875 -0.0898 1.6338 -0.1518 -0.1966 0.1826
17245.775 1.1914 -0.0862 1.6321 -0.1500 -0.1996 0.1753
17245.833 1.1914 -0.0767 1.6440 -0.1549 -0.2064 0.1776
17245.878 1.1914 -0.0652 1.6472 -0.1527 -0.2046 0.1765
17245.941 1.1963 -0.0498 1.6836 -0.1676 -0.2042 0.1735
17245.985 1.1953 -0.0413 1.6877 -0.1725 -0.2015 0.1801
17246.034 1.1982 -0.0591 1.6899 -0.1741 -0.1963 0.1795
17246.085 1.1934 -0.0544 1.6970 -0.1823 -0.1936 0.1732
17246.154 1.1992 -0.0449 1.7070 -0.1800 -0.1856 0.1663
17246.198 1.2090 -0.0491 1.7268 -0.1735 -0.1857 0.1648
17246.258 1.2100 -0.0630 1.7485 -0.1765 -0.1887 0.1637
17246.3 1.2158 -0.0681 1.7498 -0.1713 -0.1783 0.1483
17246.343 1.2041 -0.0801 1.7549 -0.1715 -0.1823 0.1539
17246.394 1.2051 -0.0745 1.7532 -0.1692 -0.1924 0.1495
17246.445 1.2158 -0.0825 1.7710 -0.1736 -0.2016 0.1599
17246.497 1.2119 -0.0828 1.7634 -0.1652 -0.2017 0.1521
17246.55 1.2061 -0.0703 1.7734 -0.1605 -0.2004 0.1520
17246.598 1.1973 -0.0686 1.7698 -0.1573 -0.2024 0.1557
17246.649 1.1943 -0.0610 1.7817 -0.1651 -0.2002 0.1531
17246.699 1.2031 -0.0613 1.8103 -0.1547 -0.1927 0.1473
17246.751 1.2002 -0.0645 1.8115 -0.1534 -0.1856 0.1476
17246.803 1.2021 -0.0549 1.8469 -0.1497 -0.1762 0.1528
17246.854 1.2041 -0.0679 1.8501 -0.1465 -0.1744 0.1436
17246.907 1.2158 -0.0564 1.8621 -0.1485 -0.1798 0.1444
17246.956 1.2227 -0.0527 1.8838 -0.1444 -0.1818 0.1366
17247.009 1.2295 -0.0559 1.9114 -0.1402 -0.1834 0.1418
17247.053 1.2256 -0.0474 1.9331 -0.1356 -0.1897 0.1454
17247.118 1.2305 -0.0515 1.9441 -0.1362 -0.1865 0.1386
17247.161 1.2383 -0.0596 1.9717 -0.1320 -0.1880 0.1380
17247.212 1.2295 -0.0637 1.9768 -0.1188 -0.1772 0.1307
17247.261 1.2383 -0.0688 1.9937 -0.1184 -0.1739 0.1340
17247.313 1.2393 -0.0691 1.9988 -0.1219 -0.1683 0.1233
17247.384 1.2383 -0.0664 2.0322 -0.1082 -0.1713 0.1347
17247.414 1.2324 -0.0706 2.0510 -0.0997 -0.1748 0.1202
17247.48 1.2314 -0.0649 2.0542 -0.0989 -0.1654 0.1187
17247.523 1.2412 -0.0701 2.0691 -0.0976 -0.1497 0.1233
17247.574 1.2490 -0.0586 2.1064 -0.1006 -0.1532 0.1170
17247.625 1.2373 -0.0481 2.1262 -0.0940 -0.1457 0.1116
17247.675 1.2520 -0.0415 2.1187 -0.0923 -0.1415 0.0991
17247.727 1.2676 -0.0242 2.1375 -0.0857 -0.1373 0.0999
17247.781 1.2871 -0.0195 2.1338 -0.0892 -0.1384 0.0955
17247.822 1.2803 -0.0081 2.1399 -0.0998 -0.1423 0.0906
17247.885 1.2754 -0.0034 2.1440 -0.1099 -0.1353 0.0833
17247.929 1.2881 -0.0076 2.1384 -0.1082 -0.1397 0.0846
17247.981 1.2920 -0.0010 2.1445 -0.1073 -0.1427 0.0907
17248.033 1.2842 -0.0012 2.1663 -0.1003 -0.1466 0.0929
17248.082 1.2744 0.0005 2.1841 -0.1028 -0.1406 0.0890
17248.133 1.2842 -0.0154 2.1775 -0.1034 -0.1388 0.0912
17248.182 1.2969 -0.0107 2.2158 -0.0950 -0.1475 0.1040
17248.233 1.3018 -0.0178 2.2161 -0.0984 -0.1443 0.1043
17248.302 1.2959 -0.0132 2.2241 -0.1000 -0.1363 0.1033
17248.333 1.3037 -0.0076 2.2292 -0.0910 -0.1407 0.0960
17248.395 1.3066 -0.0088 2.2422 -0.0826 -0.1394 0.0968
17248.458 1.3066 -0.0139 2.2668 -0.0808 -0.1476 0.0871
17248.501 1.3037 -0.0249 2.2720 -0.0781 -0.1439 0.0894
17248.551 1.3076 -0.0115 2.2566 -0.0658 -0.1455 0.0950
17248.594 1.3018 -0.0244 2.2500 -0.0645 -0.1465 0.1030
17248.643 1.3203 -0.0081 2.2581 -0.0732 -0.1428 0.1071
17248.694 1.3193 -0.0093 2.2866 -0.0700 -0.1406 0.1142
17248.755 1.3047 -0.0115 2.2966 -0.0711 -0.1354 0.1159
17248.807 1.3145 0.0010 2.3145 -0.0717 -0.1246 0.1153
17248.865 1.3203 -0.0051 2.3167 -0.0666 -0.1304 0.1000
17248.904 1.3164 -0.0142 2.3306 -0.0695 -0.1306 0.1065
17248.955 1.3350 -0.0027 2.3445 -0.0716 -0.1240 0.1116
17249.008 1.3213 -0.0029 2.3730 -0.0746 -0.1155 0.1148
17249.06 1.3398 -0.0139 2.3811 -0.0819 -0.1195 0.1152
17249.124 1.3359 -0.0171 2.3804 -0.0806 -0.1191 0.1131
17249.154 1.3301 -0.0183 2.3914 -0.0864 -0.1269 0.1106
17249.22 1.3301 -0.0254 2.4004 -0.0923 -0.1289 0.1005
17249.271 1.3428 -0.0188 2.3977 -0.0876 -0.1190 0.1109
17249.312 1.3447 -0.0269 2.4165 -0.0825 -0.1229 0.1107
17249.363 1.3574 -0.0232 2.4314 -0.0850 -0.1226 0.1116
17249.413 1.3623 -0.0430 2.4287 -0.0875 -0.1241 0.1114
17249.463 1.3682 -0.0393 2.4465 -0.0795 -0.1209 0.1099
17249.533 1.3760 -0.0396 2.4712 -0.0758 -0.1163 0.1002
17249.575 1.3926 -0.0457 2.4832 -0.0755 -0.1073 0.0886
17249.619 1.3857 -0.0615 2.5020 -0.0837 -0.1079 0.0904
17249.668 1.3857 -0.0618 2.5100 -0.0781 -0.1109 0.0960
17249.72 1.3701 -0.0464 2.5259 -0.0811 -0.1053 0.0811
17249.771 1.3896 -0.0486 2.5300 -0.0731 -0.1097 0.0905
17249.823 1.3838 -0.0469 2.5557 -0.0842 -0.0931 0.0966
17249.873 1.3975 -0.0510 2.5676 -0.0877 -0.0904 0.1046
17249.926 1.3975 -0.0601 2.5552 -0.0993 -0.0843 0.1082
17249.975 1.3994 -0.0632 2.5691 -0.0846 -0.0887 0.1158
17250.026 1.4111 -0.0596 2.5654 -0.0809 -0.0922 0.1061
17250.077 1.4238 -0.0637 2.5803 -0.0892 -0.0980 0.1150
17250.128 1.4268 -0.0571 2.5796 -0.1046 -0.0977 0.1163
17250.179 1.4199 -0.0554 2.5779 -0.1104 -0.0978 0.1095
17250.23 1.4297 -0.0547 2.5830 -0.1091 -0.0941 0.1032
17250.299 1.4414 -0.0627 2.6047 -0.1045 -0.1066 0.1150
17250.343 1.4336 -0.0493 2.6284 -0.1165 -0.1082 0.1254
17250.392 1.4287 -0.0447 2.6257 -0.1167 -0.1006 0.1252
17250.435 1.4365 -0.0420 2.6309 -0.1187 -0.0998 0.1275
17250.486 1.4297 -0.0334 2.6233 -0.1117 -0.1119 0.1121
17250.555 1.4355 -0.0425 2.6577 -0.1118 -0.1096 0.1081
17250.598 1.4277 -0.0349 2.6560 -0.1167 -0.1111 0.1033
17250.647 1.4277 -0.0156 2.6631 -0.1063 -0.1218 0.1084
17250.698 1.4219 -0.0227 2.6692 -0.1193 -0.1228 0.1016
17250.749 1.4189 -0.0327 2.6743 -0.1104 -0.1282 0.1100
17250.801 1.4063 -0.0232 2.6804 -0.1091 -0.1240 0.1042
17250.849 1.3994 -0.0205 2.6895 -0.1025 -0.1246 0.0988
17250.9 1.4131 -0.0110 2.7024 -0.0946 -0.1152 0.1120
17250.949 1.4160 -0.0181 2.7007 -0.0808 -0.1215 0.1043
17251 1.4111 -0.0173 2.7224 -0.0881 -0.1183 0.1013
17251.05 1.4229 -0.0137 2.7480 -0.0930 -0.1270 0.0935
17251.113 1.4258 -0.0139 2.7698 -0.0946 -0.1267 0.0900
17251.177 1.4404 -0.0356 2.8003 -0.0952 -0.1349 0.1018
17251.207 1.4541 -0.0359 2.7957 -0.0953 -0.1288 0.1074
17251.272 1.4580 -0.0264 2.8047 -0.0997 -0.1280 0.1035
17251.317 1.4668 -0.0295 2.7903 -0.1104 -0.1286 0.0972
17251.358 1.4824 -0.0337 2.8022 -0.1033 -0.1349 0.0994
17251.428 1.4824 -0.0427 2.7898 -0.0934 -0.1403 0.0936
17251.47 1.4941 -0.0371 2.7930 -0.1007 -0.1370 0.0915
17251.52 1.4951 -0.0266 2.8245 -0.1099 -0.1248 0.0881
17251.561 1.4990 -0.0327 2.8687 -0.1000 -0.1320 0.0918
17251.632 1.5117 -0.0300 2.8992 -0.1045 -0.1369 0.0869
17251.677 1.5234 -0.0430 2.8984 -0.1084 -0.1337 0.0824
17251.719 1.5566 -0.0334 2.9368 -0.1071 -0.1310 0.0809
17251.773 1.5518 -0.0239 2.9312 -0.1153 -0.1344 0.0822
17251.832 1.5576 -0.0320 2.9392 -0.1188 -0.1317 0.0830
17251.872 1.5527 -0.0283 2.9043 -0.1127 -0.1356 0.0838
17251.931 1.5635 -0.0081 2.9182 -0.1186 -0.1295 0.0818
17251.982 1.5645 -0.0151 2.9419 -0.1187 -0.1211 0.0712
17252.025 1.5527 -0.0164 2.9626 -0.1336 -0.1193 0.0768
17252.076 1.5605 -0.0166 2.9873 -0.1342 -0.1199 0.0690
17252.127 1.5566 -0.0217 3.0159 -0.1291 -0.1224 0.0737
17252.176 1.5469 -0.0122 3.0269 -0.1345 -0.1158 0.0640
17252.228 1.5352 -0.0076 3.0359 -0.1422 -0.1231 0.0663
17252.297 1.5615 -0.0029 3.0713 -0.1371 -0.1351 0.0676
17252.341 1.5615 0.0046 3.0618 -0.1387 -0.1472 0.0660
17252.39 1.5605 0.0063 3.0913 -0.1288 -0.1459 0.0621
17252.433 1.5625 -0.0105 3.1238 -0.1280 -0.1450 0.0686
17252.503 1.5654 -0.0049 3.1426 -0.1295 -0.1495 0.0713
17252.545 1.5693 -0.0061 3.1516 -0.1277 -0.1453 0.0850
17252.594 1.5723 -0.0151 3.1733 -0.1217 -0.1550 0.0763
17252.645 1.5908 -0.0144 3.1609 -0.1266 -0.1470 0.0762
17252.694 1.5742 -0.0107 3.1660 -0.1229 -0.1504 0.0861
17252.745 1.5752 -0.0032 3.1809 -0.1216 -0.1510 0.0917
17252.794 1.5576 0.0103 3.1763 -0.1260 -0.1502 0.0873
17252.845 1.5615 0.0149 3.1951 -0.1242 -0.1451 0.0919
17252.896 1.5566 0.0117 3.1924 -0.1229 -0.1399 0.0875
17252.947 1.5811 0.0037 3.2170 -0.1269 -0.1467 0.0783
17252.998 1.5840 0.0044 3.2368 -0.1227 -0.1392 0.0758
17253.049 1.5811 -0.0085 3.2302 -0.1219 -0.1269 0.0809
17253.114 1.5781 0.0000 3.2266 -0.1272 -0.1142 0.0870
17253.156 1.5859 -0.0042 3.2385 -0.1312 -0.1109 0.0888
17253.206 1.5879 -0.0151 3.2681 -0.1327 -0.1096 0.0829
17253.257 1.5898 -0.0046 3.2791 -0.1319 -0.1069 0.0899
17253.308 1.5762 0.0020 3.2852 -0.1406 -0.1084 0.0874
17253.359 1.5752 0.0066 3.3206 -0.1450 -0.1129 0.0883
17253.41 1.5938 0.0054 3.3286 -0.1490 -0.1235 0.0943
17253.463 1.5898 -0.0017 3.3240 -0.1520 -0.1112 0.0832
17253.514 1.6006 -0.0010 3.3252 -0.1574 -0.1013 0.0826
17253.567 1.5918 0.0007 3.3284 -0.1589 -0.0971 0.0768
17253.618 1.5840 0.0015 3.3374 -0.1500 -0.1039 0.0781
17253.661 1.5869 -0.0027 3.3494 -0.1472 -0.0955 0.0689
17253.725 1.5859 -0.0068 3.3896 -0.1407 -0.0875 0.0788
17253.769 1.5957 -0.0198 3.4055 -0.1499 -0.0947 0.0806
17253.819 1.6084 -0.0132 3.4009 -0.1491 -0.0996 0.0800
17253.871 1.6211 -0.0183 3.4041 -0.1540 -0.0988 0.0727
17253.921 1.6201 -0.0176 3.3975 -0.1541 -0.1013 0.0706
17253.973 1.6152 -0.0266 3.3899 -0.1528 -0.0890 0.0700
17254.024 1.6260 -0.0288 3.3862 -0.1543 -0.0825 0.0556
17254.073 1.6309 -0.0281 3.4011 -0.1597 -0.0788 0.0502
17254.126 1.6436 -0.0225 3.3926 -0.1617 -0.0817 0.0467
17254.175 1.6494 -0.0198 3.4084 -0.1542 -0.0852 0.0466
17254.226 1.6465 -0.0190 3.4399 -0.1591 -0.0834 0.0432
17254.275 1.6504 -0.0037 3.4773 -0.1550 -0.0878 0.0421
17254.328 1.6768 -0.0088 3.5068 -0.1599 -0.0865 0.0448
17254.397 1.6670 -0.0159 3.5247 -0.1638 -0.0761 0.0509
17254.439 1.6514 -0.0083 3.5601 -0.1625 -0.0772 0.0531
17254.49 1.6689 -0.0115 3.5535 -0.1626 -0.0854 0.0511
17254.536 1.6748 -0.0107 3.5752 -0.1618 -0.0789 0.0586
17254.585 1.6826 -0.0022 3.5911 -0.1519 -0.0857 0.0570
17254.638 1.6855 -0.0034 3.5942 -0.1497 -0.0944 0.0550
17254.687 1.6875 -0.0027 3.6121 -0.1431 -0.0831 0.0458
17254.739 1.6934 0.0029 3.6289 -0.1432 -0.0770 0.0409
17254.787 1.6914 -0.0051 3.6555 -0.1415 -0.0671 0.0389
17254.847 1.6953 -0.0054 3.6665 -0.1502 -0.0696 0.0330
17254.898 1.6992 -0.0173 3.6511 -0.1465 -0.0597 0.0377
17254.938 1.7041 -0.0283 3.6514 -0.1538 -0.0603 0.0361
17255.01 1.7129 -0.0481 3.6770 -0.1630 -0.0547 0.0341
17255.046 1.7080 -0.0591 3.6753 -0.1631 -0.0720 0.0282
17255.114 1.7139 -0.0535 3.6921 -0.1837 -0.0750 0.0310
17255.144 1.7188 -0.0527 3.7109 -0.1753 -0.0837 0.0375
17255.209 1.7246 -0.0403 3.7405 -0.1692 -0.0819 0.0431
17255.251 1.7344 -0.0415 3.7456 -0.1736 -0.0763 0.0349
17255.301 1.7178 -0.0339 3.7693 -0.1690 -0.0836 0.0386
17255.351 1.6992 -0.0117 3.7842 -0.1672 -0.0875 0.0470
17255.403 1.6992 -0.0022 3.8108 -0.1707 -0.0881 0.0512
17255.452 1.7188 0.0034 3.8394 -0.1727 -0.1006 0.0477
17255.505 1.7295 0.0012 3.8621 -0.1685 -0.0988 0.0452
17255.556 1.7227 0.0010 3.8799 -0.1658 -0.0956 0.0527
17255.607 1.7383 0.0125 3.8987 -0.1693 -0.0938 0.0497
17255.658 1.7480 -0.0015 3.9067 -0.1670 -0.0887 0.0472
17255.707 1.7480 0.0051 3.9099 -0.1705 -0.0931 0.0385
17255.758 1.7480 0.0098 3.9307 -0.1701 -0.0966 0.0360
17255.807 1.7441 -0.0022 3.9192 -0.1660 -0.0986 0.0254
17255.858 1.7441 0.0044 3.9175 -0.1742 -0.1040 0.0262
17255.909 1.7363 0.0208 3.9314 -0.1772 -0.1031 0.0284
17255.96 1.7441 0.0176 3.9238 -0.1840 -0.0985 0.0288
17256.012 1.7520 0.0193 3.9270 -0.1774 -0.0976 0.0282
17256.062 1.7607 0.0249 3.9243 -0.1737 -0.0963 0.0190
17256.113 1.7627 0.0256 3.9519 -0.1710 -0.1012 0.0213
17256.164 1.7617 0.0186 3.9541 -0.1621 -0.0942 0.0307
17256.233 1.7705 0.0183 3.9641 -0.1603 -0.0905 0.0310
17256.277 1.7715 0.0151 3.9722 -0.1576 -0.0882 0.0376
17256.327 1.7695 0.0149 3.9832 -0.1496 -0.0802 0.0446
17256.379 1.7725 0.0215 4.0039 -0.1535 -0.0851 0.0535
17256.43 1.7686 0.0212 3.9885 -0.1494 -0.0810 0.0439
17256.483 1.7861 0.0171 3.9985 -0.1495 -0.0773 0.0447
17256.527 1.7803 0.0188 4.0154 -0.1549 -0.0869 0.0508
17256.576 1.7852 0.0156 4.0254 -0.1521 -0.0866 0.0554
17256.629 1.8008 0.0261 4.0500 -0.1446 -0.0862 0.0567
17256.678 1.8037 0.0288 4.0815 -0.1452 -0.0982 0.0561
17256.751 1.8203 0.0198 4.0632 -0.1415 -0.1008 0.0627
17256.781 1.8193 0.0342 4.0850 -0.1378 -0.1047 0.0597
17256.843 1.8252 0.0300 4.1018 -0.1427 -0.1129 0.0567
17256.886 1.8311 0.0269 4.1226 -0.1495 -0.1111 0.0628
17256.935 1.8291 0.0334 4.1101 -0.1406 -0.1117 0.0612
17256.988 1.8418 0.0391 4.1338 -0.1422 -0.1085 0.0558
17257.042 1.8555 0.0564 4.1624 -0.1394 -0.1024 0.0490
17257.09 1.8623 0.0601 4.1919 -0.1472 -0.1021 0.0494
17257.139 1.8750 0.0676 4.2000 -0.1492 -0.1031 0.0464
17257.191 1.8955 0.0586 4.2402 -0.1441 -0.0985 0.0486
17257.241 1.8916 0.0759 4.2288 -0.1538 -0.1039 0.0523
17257.292 1.9014 0.0718 4.2378 -0.1472 -0.1097 0.0517
17257.361 1.8945 0.0647 4.2439 -0.1421 -0.1070 0.0497
17257.405 1.8955 0.0615 4.2354 -0.1427 -0.1133 0.0510
17257.454 1.8955 0.0564 4.2336 -0.1505 -0.1187 0.0599
17257.497 1.9180 0.0415 4.2095 -0.1511 -0.1226 0.0641
17257.548 1.9258 0.0413 4.2117 -0.1440 -0.1237 0.0692
17257.6 1.9307 0.0439 4.2197 -0.1394 -0.1214 0.0758
17257.65 1.9248 0.0515 4.2209 -0.1467 -0.1106 0.0799
17257.701 1.9375 0.0640 4.2280 -0.1564 -0.0973 0.0874
17257.764 1.9307 0.0627 4.2283 -0.1508 -0.1046 0.0969
17257.811 1.9287 0.0654 4.2324 -0.1509 -0.1100 0.0953
17257.869 1.9355 0.0701 4.2268 -0.1620 -0.1230 0.0980
17257.916 1.9531 0.0737 4.2202 -0.1545 -0.1183 0.0974
17257.959 1.9512 0.0784 4.2136 -0.1479 -0.1194 0.0897
17258.029 1.9648 0.0762 4.2363 -0.1466 -0.1166 0.0910
17258.072 1.9756 0.0886 4.2170 -0.1606 -0.1110 0.0799
17258.119 1.9844 0.0864 4.1899 -0.1607 -0.1183 0.0754
17258.169 2.0029 0.0676 4.1570 -0.1546 -0.1165 0.0748
17258.22 2.0068 0.0645 4.1533 -0.1433 -0.1104 0.0733
17258.271 1.9932 0.0691 4.1243 -0.1349 -0.1120 0.0794
17258.32 1.9990 0.0571 4.1255 -0.1226 -0.1131 0.0802
17258.371 2.0146 0.0618 4.1570 -0.1160 -0.1175 0.0906
17258.42 2.0117 0.0898 4.1660 -0.1286 -0.1104 0.0971
17258.473 2.0234 0.0955 4.2004 -0.1354 -0.1249 0.0855
17258.542 2.0264 0.1021 4.2085 -0.1369 -0.1212 0.0906
17258.574 2.0195 0.1145 4.2136 -0.1394 -0.1108 0.0915
17258.639 2.0127 0.1104 4.2236 -0.1520 -0.1028 0.0947
17258.682 2.0020 0.1072 4.2346 -0.1578 -0.0986 0.0888
17258.731 2.0156 0.1284 4.2593 -0.1675 -0.1031 0.0773
17258.783 2.0215 0.1311 4.2595 -0.1576 -0.1013 0.0843
17258.831 2.0371 0.1338 4.2725 -0.1482 -0.1071 0.0756
17258.885 2.0479 0.1443 4.2727 -0.1421 -0.0986 0.0692
17258.936 2.0518 0.1304 4.2964 -0.1379 -0.0983 0.0586
17258.989 2.0449 0.1321 4.2966 -0.1400 -0.0917 0.0642
17259.045 2.0547 0.1201 4.3232 -0.1430 -0.0880 0.0584
17259.083 2.0625 0.1218 4.3440 -0.1407 -0.0839 0.0649
17259.147 2.0654 0.1108 4.3726 -0.1437 -0.0797 0.0638
17259.192 2.0635 0.1047 4.3982 -0.1357 -0.0798 0.0670
17259.241 2.0693 0.1152 4.4189 -0.1397 -0.0804 0.0679
17259.295 2.0762 0.1033 4.4006 -0.1407 -0.0762 0.0716
17259.346 2.0693 0.0894 4.3696 -0.1418 -0.0792 0.0857
17259.397 2.0752 0.0872 4.3689 -0.1358 -0.0755 0.0871
17259.449 2.0596 0.0762 4.3721 -0.1416 -0.0670 0.0898
17259.502 2.0586 0.0671 4.3723 -0.1393 -0.0643 0.0801
17259.553 2.0576 0.0532 4.3550 -0.1342 -0.0644 0.0724
17259.595 2.0557 0.0579 4.3650 -0.1305 -0.0727 0.0565
17259.666 2.0498 0.0674 4.3730 -0.1264 -0.0723 0.0564
17259.71 2.0439 0.0632 4.3860 -0.1289 -0.0853 0.0553
17259.753 2.0381 0.0679 4.3989 -0.1099 -0.0878 0.0609
17259.804 2.0459 0.0579 4.4402 -0.1096 -0.0755 0.0541
17259.857 2.0488 0.0645 4.4639 -0.1073 -0.0714 0.0453
17259.908 2.0537 0.0632 4.4641 -0.1079 -0.0648 0.0605
17259.959 2.0771 0.0659 4.4526 -0.1138 -0.0558 0.0604
17260.011 2.0762 0.0608 4.4412 -0.1087 -0.0631 0.0621
17260.062 2.0908 0.0518 4.4355 -0.1112 -0.0709 0.0682
17260.115 2.1006 0.0457 4.4241 -0.1189 -0.0634 0.0600
17260.164 2.1104 0.0571 4.4399 -0.1138 -0.0649 0.0699
17260.215 2.1240 0.0579 4.4509 -0.1058 -0.0569 0.0750
17260.264 2.1318 0.0566 4.4678 -0.1112 -0.0590 0.0763
17260.315 2.1436 0.0535 4.4739 -0.1104 -0.0510 0.0738
17260.368 2.1563 0.0503 4.4937 -0.1115 -0.0425 0.0646
17260.417 2.1729 0.0442 4.5417 -0.1121 -0.0412 0.0716
17260.47 2.1816 0.0449 4.5586 -0.1026 -0.0413 0.0825
17260.522 2.2031 0.0388 4.5784 -0.1013 -0.0333 0.0847
17260.573 2.2119 0.0337 4.5845 -0.1048 -0.0186 0.0846
17260.623 2.2031 0.0520 4.5896 -0.1126 -0.0269 0.0954
17260.674 2.2080 0.0322 4.6064 -0.1222 -0.0284 0.0872
17260.723 2.2070 0.0154 4.6516 -0.1281 -0.0209 0.0942
17260.775 2.2197 0.0171 4.6558 -0.1263 -0.0182 0.1084
17260.833 2.2119 0.0247 4.6804 -0.1179 -0.0183 0.1145
17260.878 2.2090 0.0361 4.7021 -0.1166 -0.0136 0.1158
17260.936 2.2236 0.0447 4.6926 -0.1176 -0.0190 0.1052
17260.986 2.2354 0.0249 4.6675 -0.1221 -0.0153 0.1031
17261.037 2.2393 0.0315 4.6550 -0.1341 -0.0083 0.1059
17261.087 2.2412 0.0361 4.6406 -0.1361 -0.0070 0.1053
17261.136 2.2383 0.0271 4.6643 -0.1339 -0.0147 0.1013
17261.188 2.2451 0.0298 4.6479 -0.1393 -0.0048 0.1026
17261.241 2.2646 0.0383 4.6462 -0.1327 -0.0107 0.1168
17261.293 2.2754 0.0488 4.6572 -0.1219 -0.0179 0.1181
17261.344 2.2852 0.0505 4.6877 -0.1282 -0.0224 0.1237
17261.397 2.2793 0.0405 4.6831 -0.1336 -0.0282 0.1179
17261.46 2.2813 0.0344 4.6863 -0.1380 -0.0345 0.1144
17261.502 2.2773 0.0430 4.6973 -0.1376 -0.0413 0.1152
17261.545 2.2783 0.0408 4.7307 -0.1425 -0.0505 0.1127
17261.608 2.2822 0.0425 4.7095 -0.1360 -0.0468 0.1026
17261.652 2.2998 0.0461 4.7546 -0.1375 -0.0493 0.1029
17261.702 2.3086 0.0410 4.7607 -0.1286 -0.0513 0.1004
17261.756 2.3086 0.0476 4.7649 -0.1139 -0.0534 0.0979
17261.807 2.3311 0.0601 4.7925 -0.1155 -0.0511 0.0939
17261.859 2.3301 0.0559 4.8103 -0.1180 -0.0555 0.1086
17261.904 2.3496 0.0576 4.8311 -0.1162 -0.0628 0.1075
17261.953 2.3525 0.0496 4.8303 -0.1164 -0.0601 0.1021
17262.005 2.3369 0.0552 4.8403 -0.1170 -0.0602 0.1015
17262.055 2.3359 0.0579 4.8591 -0.1195 -0.0632 0.0914
17262.108 2.3398 0.0654 4.8623 -0.1225 -0.0638 0.0875
17262.158 2.3506 0.0613 4.8958 -0.1174 -0.0682 0.0864
17262.209 2.3643 0.0659 4.8823 -0.1184 -0.0712 0.0862
17262.26 2.3652 0.0637 4.8865 -0.1171 -0.0803 0.0775
17262.311 2.3721 0.0596 4.8896 -0.1130 -0.0738 0.0807
17262.362 2.3906 0.0720 4.9065 -0.1012 -0.0591 0.0806
17262.431 2.3730 0.0669 4.9204 -0.0984 -0.0583 0.0814
17262.475 2.3711 0.0823 4.9275 -0.0928 -0.0646 0.0770
17262.51 2.3838 0.0840 4.9268 -0.0910 -0.0628 0.0793
17262.574 2.3662 0.1062 4.9456 -0.1017 -0.0648 0.0896
17262.62 2.3613 0.1069 4.9673 -0.0951 -0.0683 0.0871
17262.671 2.3525 0.0881 4.9802 -0.1005 -0.0722 0.0860
17262.719 2.3545 0.0820 4.9893 -0.1011 -0.0733 0.0883
17262.772 2.3555 0.0896 4.9885 -0.1117 -0.0696 0.0920
17262.824 2.3486 0.0864 4.9810 -0.1123 -0.0659 0.0895
17262.874 2.3574 0.0715 5.0154 -0.1005 -0.0660 0.0855
17262.925 2.3506 0.0723 5.0010 -0.1026 -0.0552 0.0840
17262.975 2.3613 0.0662 5.0061 -0.1070 -0.0620 0.0633
17263.026 2.3584 0.0757 5.0044 -0.1114 -0.0583 0.0565
17263.081 2.3613 0.0823 5.0320 -0.1182 -0.0598 0.0597
17263.13 2.3594 0.0898 5.0527 -0.1279 -0.0662 0.0649
17263.181 2.3633 0.1023 5.0618 -0.1261 -0.0720 0.0619
17263.232 2.3496 0.1040 5.0806 -0.1291 -0.0654 0.0684
17263.283 2.3564 0.0969 5.0945 -0.1259 -0.0694 0.0712
17263.332 2.3662 0.1045 5.1152 -0.1322 -0.0604 0.0768
17263.385 2.3643 0.1101 5.1223 -0.1409 -0.0787 0.0680
17263.434 2.3799 0.1157 5.1226 -0.1444 -0.0779 0.0679
17263.487 2.3848 0.1282 5.1482 -0.1498 -0.0808 0.0807
17263.538 2.3877 0.1328 5.1738 -0.1542 -0.0833 0.0820
17263.591 2.3828 0.1218 5.1731 -0.1553 -0.0887 0.0651
17263.643 2.3906 0.1157 5.2075 -0.1573 -0.0850 0.0722
17263.695 2.3887 0.1135 5.2087 -0.1613 -0.0847 0.0644
17263.755 2.3916 0.1084 5.2012 -0.1652 -0.0733 0.0705
17263.793 2.3936 0.0994 5.2190 -0.1701 -0.0601 0.0751
17263.852 2.3945 0.0991 5.2124 -0.1645 -0.0616 0.0793
17263.904 2.3877 0.0872 5.1882 -0.1546 -0.0570 0.0825
17263.95 2.3906 0.0928 5.1943 -0.1466 -0.0538 0.0762
17263.998 2.3887 0.1052 5.2102 -0.1549 -0.0496 0.0794
17264.048 2.3916 0.1011 5.2339 -0.1636 -0.0435 0.0778
17264.101 2.4141 0.1086 5.2585 -0.1546 -0.0460 0.0777
17264.171 2.4033 0.1123 5.2666 -0.1467 -0.0433 0.0728
17264.217 2.3965 0.1013 5.3059 -0.1420 -0.0396 0.0803
17264.262 2.3906 0.0942 5.3198 -0.1488 -0.0330 0.0640
17264.312 2.3867 0.0872 5.3269 -0.1408 -0.0408 0.0543
17264.365 2.3877 0.0869 5.3154 -0.1486 -0.0361 0.0585
17264.41 2.3857 0.0935 5.3264 -0.1487 -0.0420 0.0631
17264.463 2.3799 0.0933 5.3296 -0.1450 -0.0383 0.0477
17264.513 2.3730 0.0979 5.3435 -0.1289 -0.0408 0.0524
17264.563 2.3760 0.0752 5.3867 -0.1434 -0.0490 0.0570
17264.614 2.3662 0.0759 5.4045 -0.1416 -0.0577 0.0597
17264.664 2.3662 0.0669 5.4243 -0.1460 -0.0636 0.0649
17264.715 2.3721 0.0559 5.4167 -0.1461 -0.0637 0.0623
17264.786 2.3740 0.0518 5.4385 -0.1534 -0.0681 0.0603
17264.819 2.3701 0.0457 5.4534 -0.1650 -0.0778 0.0564
17264.881 2.3701 0.0396 5.4575 -0.1604 -0.0674 0.0639
17264.923 2.3643 0.0559 5.4812 -0.1572 -0.0565 0.0480
17264.975 2.3623 0.0674 5.4697 -0.1625 -0.0609 0.0407
17265.026 2.3691 0.0662 5.4817 -0.1584 -0.0677 0.0439
17265.084 2.3613 0.0718 5.5005 -0.1642 -0.0679 0.0386
17265.134 2.3682 0.0647 5.5134 -0.1624 -0.0608 0.0375
17265.182 2.3662 0.0645 5.5332 -0.1654 -0.0571 0.0321
17265.233 2.3496 0.0671 5.5344 -0.1722 -0.0558 0.0286
17265.284 2.3389 0.0835 5.5444 -0.1743 -0.0655 0.0333
17265.335 2.3340 0.0911 5.5593 -0.1944 -0.0646 0.0312
17265.386 2.3379 0.0850 5.5615 -0.1917 -0.0562 0.0239
17265.439 2.3350 0.0847 5.5823 -0.1880 -0.0577 0.0205
17265.488 2.3320 0.0933 5.6021 -0.1920 -0.0602 0.0213
17265.539 2.3271 0.1067 5.5896 -0.1916 -0.0594 0.0436
17265.588 2.3164 0.1143 5.6152 -0.2027 -0.0567 0.0454
17265.639 2.3271 0.1189 5.6223 -0.2047 -0.0525 0.0457
17265.708 2.3262 0.1040 5.6274 -0.2063 -0.0474 0.0423
17265.752 2.3408 0.1106 5.6140 -0.2007 -0.0460 0.0412
17265.797 2.3398 0.0957 5.6104 -0.2046 -0.0385 0.0539
17265.847 2.3516 0.0984 5.5979 -0.2053 -0.0449 0.0595
17265.899 2.3408 0.0991 5.5854 -0.2035 -0.0431 0.0537
17265.948 2.3389 0.0842 5.6072 -0.2117 -0.0346 0.0555
17265.999 2.3496 0.1035 5.6016 -0.2032 -0.0385 0.0582
17266.048 2.3564 0.1111 5.6096 -0.2072 -0.0482 0.0523
17266.1 2.3672 0.1255 5.6255 -0.2145 -0.0607 0.0608
17266.151 2.3740 0.1360 5.6326 -0.2074 -0.0632 0.0564
17266.201 2.3730 0.1377 5.6631 -0.2090 -0.0634 0.0744
17266.272 2.3916 0.1443 5.6750 -0.2125 -0.0649 0.0776
17266.317 2.3867 0.1450 5.6948 -0.2121 -0.0636 0.0636
17266.36 2.3760 0.1477 5.7253 -0.2123 -0.0570 0.0568
17266.41 2.3906 0.1475 5.7402 -0.2133 -0.0629 0.0524
17266.459 2.3984 0.1521 5.7717 -0.2135 -0.0539 0.0556
17266.511 2.4014 0.1548 5.7817 -0.2093 -0.0526 0.0560
17266.584 2.4160 0.1614 5.7791 -0.2132 -0.0442 0.0578
17266.608 2.4209 0.1543 5.7793 -0.2181 -0.0476 0.0624
17266.67 2.4150 0.1394 5.7893 -0.2164 -0.0415 0.0723
17266.713 2.4170 0.1392 5.8052 -0.2203 -0.0512 0.0631
17266.776 2.4180 0.1262 5.8035 -0.2257 -0.0523 0.0620
17266.818 2.4141 0.1328 5.7881 -0.2382 -0.0524 0.0624
17266.872 2.4268 0.1326 5.7981 -0.2340 -0.0578 0.0632
17266.93 2.4365 0.1421 5.8452 -0.2408 -0.0607 0.0712
17266.976 2.4414 0.1506 5.8445 -0.2405 -0.0671 0.0801
17267.025 2.4443 0.1445 5.8828 -0.2473 -0.0653 0.0824
17267.086 2.4551 0.1560 5.8674 -0.2422 -0.0730 0.0827
17267.128 2.4482 0.1587 5.8853 -0.2385 -0.0760 0.0812
17267.178 2.4590 0.1594 5.9128 -0.2439 -0.0785 0.0820
17267.229 2.4629 0.1602 5.8896 -0.2569 -0.0720 0.0885
17267.278 2.4668 0.1619 5.8918 -0.2627 -0.0668 0.0951
17267.329 2.4609 0.1685 5.9175 -0.2648 -0.0689 0.0997
17267.38 2.4551 0.1750 5.9187 -0.2730 -0.0613 0.0910
17267.431 2.4541 0.1699 5.9404 -0.2746 -0.0572 0.0961
17267.48 2.4395 0.1599 5.9407 -0.2728 -0.0630 0.1041
17267.551 2.4385 0.1528 5.9644 -0.2686 -0.0689 0.1121
17267.58 2.4258 0.1565 5.9675 -0.2821 -0.0685 0.1120
17267.646 2.4375 0.1611 6.0000 -0.2870 -0.0715 0.1209
17267.692 2.4404 0.1550 5.9954 -0.2909 -0.0582 0.1132
17267.741 2.4336 0.1538 5.9868 -0.2877 -0.0693 0.1140
17267.794 2.4443 0.1536 6.0134 -0.2917 -0.0695 0.1124
17267.844 2.4473 0.1406 6.0049 -0.2813 -0.0667 0.0985
17267.893 2.4473 0.1482 6.0334 -0.2862 -0.0625 0.0993
17267.944 2.4434 0.1519 6.0308 -0.2873 -0.0603 0.0939
17267.993 2.4580 0.1506 6.0417 -0.2888 -0.0628 0.0814
17268.063 2.4580 0.1504 6.0518 -0.2928 -0.0634 0.0803
17268.096 2.4502 0.1384 6.0872 -0.2920 -0.0573 0.0764
17268.158 2.4541 0.1470 6.0835 -0.2816 -0.0441 0.0862
17268.201 2.4541 0.1438 6.0720 -0.2784 -0.0461 0.0890
17268.25 2.4619 0.1396 6.0596 -0.2785 -0.0424 0.0774
17268.301 2.4629 0.1296 6.0735 -0.2801 -0.0482 0.0820
17268.372 2.4639 0.1294 6.0815 -0.2883 -0.0431 0.0733
17268.401 2.4531 0.1272 6.0847 -0.2865 -0.0480 0.0780
17268.466 2.4502 0.1260 6.1338 -0.2938 -0.0410 0.0764
17268.511 2.4434 0.1316 6.1350 -0.2863 -0.0368 0.0715
17268.56 2.4404 0.1362 6.1304 -0.2821 -0.0355 0.0671
17268.61 2.4434 0.1448 6.1326 -0.2761 -0.0394 0.0760
17268.663 2.4521 0.1299 6.1719 -0.2628 -0.0348 0.0759
17268.715 2.4561 0.1160 6.1838 -0.2673 -0.0411 0.0639
17268.767 2.4590 0.1118 6.1831 -0.2769 -0.0436 0.0742
17268.82 2.4775 0.1194 6.1765 -0.2666 -0.0514 0.0793
17268.868 2.4951 0.1084 6.1719 -0.2657 -0.0496 0.0816
17268.92 2.5010 0.1082 6.1760 -0.2654 -0.0392 0.0824
17268.968 2.5156 0.1157 6.1860 -0.2669 -0.0450 0.0842
17269.02 2.5039 0.1223 6.1960 -0.2661 -0.0423 0.0965
17269.068 2.5146 0.1289 6.1895 -0.2591 -0.0477 0.0887
17269.133 2.5176 0.1189 6.2122 -0.2597 -0.0564 0.0891
17269.176 2.5049 0.1235 6.2222 -0.2684 -0.0565 0.0880
17269.227 2.5205 0.1321 6.2537 -0.2657 -0.0647 0.1074
17269.28 2.5244 0.1211 6.2734 -0.2601 -0.0768 0.1030
17269.329 2.5156 0.1326 6.2551 -0.2492 -0.0573 0.0991
17269.382 2.5293 0.1372 6.2632 -0.2455 -0.0636 0.0965
17269.434 2.5264 0.1262 6.2820 -0.2385 -0.0490 0.1026
17269.487 2.5322 0.1113 6.2871 -0.2396 -0.0567 0.1068
17269.537 2.5293 0.1101 6.2834 -0.2321 -0.0654 0.1081
17269.588 2.5273 0.0923 6.2847 -0.2470 -0.0746 0.1132
17269.641 2.5293 0.0979 6.2898 -0.2500 -0.0814 0.1054
17269.683 2.5332 0.0986 6.3232 -0.2473 -0.0844 0.1029
17269.777 2.5313 0.0896 6.3245 -0.2412 -0.0903 0.1014
17269.788 2.5361 0.0864 6.3550 -0.2404 -0.0875 0.1055
17269.849 2.5371 0.0881 6.3445 -0.2438 -0.0862 0.0925
17269.896 2.5410 0.0791 6.3398 -0.2540 -0.0892 0.0934
17269.946 2.5479 0.0574 6.3665 -0.2646 -0.0898 0.1037
17269.997 2.5518 0.0454 6.3696 -0.2709 -0.0765 0.0988
17270.048 2.5576 0.0403 6.3689 -0.2639 -0.0776 0.0963
17270.099 2.5508 0.0342 6.3926 -0.2740 -0.0820 0.0967
17270.152 2.5635 0.0349 6.3977 -0.2775 -0.0855 0.1109
17270.201 2.5576 0.0444 6.3940 -0.2838 -0.0904 0.1083
17270.252 2.5498 0.0403 6.3904 -0.2821 -0.0962 0.1116
17270.301 2.5371 0.0439 6.3770 -0.2879 -0.1035 0.0985
17270.354 2.5449 0.0544 6.3889 -0.2809 -0.1055 0.1056
17270.406 2.5459 0.0513 6.3853 -0.2705 -0.1080 0.1050
17270.456 2.5498 0.0588 6.3962 -0.2802 -0.0967 0.0991
17270.506 2.5537 0.0615 6.4111 -0.2827 -0.1030 0.1014
17270.556 2.5547 0.0642 6.4260 -0.2866 -0.0993 0.0845
17270.608 2.5674 0.0591 6.4517 -0.2815 -0.0928 0.0782
17270.659 2.5703 0.0579 6.4460 -0.2740 -0.0881 0.0819
17270.712 2.5674 0.0615 6.4814 -0.2784 -0.0773 0.0827
17270.762 2.5664 0.0681 6.4797 -0.2757 -0.0736 0.0893
17270.813 2.5615 0.0571 6.5073 -0.2749 -0.0799 0.0982
17270.866 2.5518 0.0481 6.5310 -0.2807 -0.0810 0.1000
17270.916 2.5488 0.0596 6.5547 -0.2842 -0.0830 0.0989
17270.967 2.5527 0.0564 6.5754 -0.2791 -0.0850 0.1026
17271.015 2.5518 0.0513 6.5894 -0.2840 -0.0880 0.1006
17271.066 2.5459 0.0452 6.6052 -0.2860 -0.0838 0.1076
17271.116 2.5264 0.0469 6.6123 -0.2775 -0.0935 0.1170
17271.186 2.5322 0.0476 6.6370 -0.2886 -0.0927 0.1159
17271.226 2.5459 0.0396 6.6411 -0.2773 -0.1047 0.1101
17271.277 2.5410 0.0403 6.6697 -0.2708 -0.1005 0.0961
17271.328 2.5420 0.0381 6.6758 -0.2637 -0.0983 0.0965
17271.381 2.5254 0.0369 6.6838 -0.2543 -0.0993 0.0997
17271.442 2.5264 0.0415 6.7114 -0.2525 -0.0966 0.0895
17271.485 2.5098 0.0442 6.7205 -0.2493 -0.0953 0.0923
17271.534 2.5146 0.0488 6.7168 -0.2471 -0.0959 0.0902
17271.585 2.5078 0.0437 6.7122 -0.2491 -0.0965 0.0987
17271.634 2.5049 0.0356 6.7339 -0.2492 -0.0890 0.0886
17271.687 2.5029 0.0334 6.7751 -0.2498 -0.0838 0.0846
17271.736 2.5195 0.0283 6.8008 -0.2514 -0.0835 0.0854
17271.789 2.5127 0.0281 6.7874 -0.2520 -0.0722 0.0858
17271.84 2.5088 0.0396 6.7827 -0.2531 -0.0737 0.0775
17271.892 2.5205 0.0530 6.7859 -0.2494 -0.0757 0.0731
17271.94 2.5273 0.0537 6.7637 -0.2552 -0.0725 0.0749
17271.993 2.5166 0.0603 6.7776 -0.2559 -0.0741 0.0686
17272.045 2.5195 0.0503 6.8052 -0.2660 -0.0775 0.0727
17272.095 2.5303 0.0452 6.7957 -0.2656 -0.0757 0.0783
17272.144 2.5400 0.0469 6.8213 -0.2691 -0.0778 0.0739
17272.198 2.5508 0.0515 6.8293 -0.2640 -0.0855 0.0728
17272.249 2.5479 0.0522 6.8501 -0.2679 -0.0876 0.0684
17272.302 2.5410 0.0374 6.8416 -0.2566 -0.1015 0.0678
17272.351 2.5469 0.0293 6.8564 -0.2515 -0.1031 0.0677
17272.404 2.5469 0.0300 6.8655 -0.2554 -0.1013 0.0637
17272.455 2.5371 0.0337 6.8882 -0.2518 -0.1023 0.0779
17272.508 2.5391 0.0237 6.8689 -0.2614 -0.1039 0.0807
17272.55 2.5439 0.0195 6.8711 -0.2582 -0.0983 0.0796
17272.602 2.5449 0.0125 6.8713 -0.2617 -0.1065 0.0861
17272.653 2.5459 0.0073 6.8882 -0.2599 -0.1024 0.0836
17272.704 2.5439 -0.0037 6.9138 -0.2638 -0.1058 0.0926
17272.771 2.5410 0.0039 6.9307 -0.2625 -0.0978 0.0905
17272.807 2.5449 0.0105 6.9465 -0.2560 -0.0927 0.0952
17272.858 2.5547 0.0034 6.9761 -0.2513 -0.0947 0.0822
17272.91 2.5625 -0.0125 7.0027 -0.2405 -0.0848 0.0773
17272.959 2.5586 -0.0166 7.0215 -0.2406 -0.0840 0.0786
17273.012 2.5576 -0.0188 7.0364 -0.2379 -0.0793 0.0842
17273.058 2.5596 -0.0151 7.0356 -0.2423 -0.0775 0.0826
17273.118 2.5791 -0.0173 6.9851 -0.2486 -0.0686 0.0701
17273.171 2.5771 -0.0264 6.9912 -0.2397 -0.0582 0.0766
17273.222 2.5742 -0.0403 7.0227 -0.2494 -0.0646 0.0669
17273.284 2.5771 -0.0376 7.0298 -0.2595 -0.0594 0.0687
17273.329 2.5840 -0.0232 7.0476 -0.2611 -0.0648 0.0686
17273.37 2.5859 -0.0137 7.0322 -0.2655 -0.0558 0.0661
17273.431 2.5869 -0.0188 7.0706 -0.2628 -0.0617 0.0645
17273.473 2.5938 -0.0239 7.0796 -0.2619 -0.0599 0.0587
17273.522 2.5771 -0.0242 7.1121 -0.2668 -0.0562 0.0657
17273.575 2.5537 -0.0264 7.1172 -0.2741 -0.0644 0.0708
17273.626 2.5576 -0.0305 7.1262 -0.2728 -0.0636 0.0740
17273.677 2.5811 -0.0239 7.1567 -0.2629 -0.0599 0.0677
17273.726 2.5889 -0.0115 7.1843 -0.2669 -0.0696 0.0580
17273.797 2.5947 -0.0088 7.2041 -0.2613 -0.0759 0.0694
17273.841 2.5801 -0.0071 7.2083 -0.2628 -0.0617 0.0630
17273.884 2.5889 -0.0063 7.2446 -0.2663 -0.0723 0.0648
17273.937 2.5967 -0.0144 7.2234 -0.2774 -0.0829 0.0675
17274.006 2.5977 -0.0127 7.2246 -0.2751 -0.0773 0.0593
17274.037 2.5967 -0.0188 7.2639 -0.2700 -0.0803 0.0601
17274.098 2.6006 -0.0034 7.2681 -0.2825 -0.0823 0.0543
17274.141 2.6191 0.0061 7.2693 -0.2865 -0.0829 0.0575
17274.193 2.6367 0.0010 7.2861 -0.2795 -0.0716 0.0555
17274.242 2.6582 0.0095 7.2766 -0.2820 -0.0717 0.0553
17274.293 2.6611 0.0259 7.3003 -0.2883 -0.0609 0.0490
17274.342 2.6533 0.0256 7.2888 -0.2770 -0.0691 0.0508
17274.394 2.6523 0.0186 7.3291 -0.2781 -0.0625 0.0445
17274.447 2.6641 0.0398 7.3479 -0.2782 -0.0684 0.0448
17274.499 2.6729 0.0278 7.3481 -0.2840 -0.0661 0.0385
17274.548 2.6504 0.0286 7.3474 -0.2756 -0.0672 0.0403
17274.599 2.6582 0.0254 7.3545 -0.2829 -0.0664 0.0468
17274.65 2.6504 0.0173 7.3440 -0.2797 -0.0722 0.0419
17274.701 2.6611 0.0142 7.3491 -0.2884 -0.0723 0.0356
17274.752 2.6514 0.0149 7.3708 -0.2875 -0.0791 0.0331
17274.803 2.6592 0.0039 7.4023 -0.2877 -0.0802 0.0339
17274.852 2.6523 -0.0051 7.3879 -0.2883 -0.0736 0.0266
17274.903 2.6592 -0.0132 7.4175 -0.2941 -0.0661 0.0317
17274.955 2.6621 -0.0095 7.4412 -0.2938 -0.0643 0.0302
17275.006 2.6797 0.0000 7.4375 -0.2982 -0.0635 0.0234
17275.057 2.6846 0.0056 7.4456 -0.2983 -0.0660 0.0228
17275.107 2.6846 0.0024 7.4604 -0.3047 -0.0714 0.0117
17275.176 2.6875 -0.0154 7.4851 -0.3119 -0.0715 0.0058
17275.206 2.6846 -0.0352 7.4775 -0.3044 -0.0697 0.0071
17275.269 2.6885 -0.0354 7.5188 -0.3074 -0.0579 -0.0030
17275.312 2.6982 -0.0220 7.5327 -0.3109 -0.0595 -0.0175
17275.365 2.6992 -0.0144 7.5486 -0.3148 -0.0620 -0.0171
17275.418 2.7168 -0.0020 7.5625 -0.3078 -0.0597 -0.0115
17275.48 2.7246 -0.0159 7.5823 -0.3098 -0.0560 -0.0179
17275.513 2.7178 -0.0210 7.5796 -0.3085 -0.0533 -0.0146
17275.577 2.7246 -0.0076 7.5857 -0.3091 -0.0596 -0.0153
17275.62 2.7314 -0.0166 7.5947 -0.3155 -0.0568 -0.0230
17275.671 2.7344 -0.0100 7.6057 -0.3228 -0.0546 -0.0227
17275.724 2.7402 0.0005 7.6187 -0.3267 -0.0509 -0.0223
17275.773 2.7549 -0.0046 7.6267 -0.3192 -0.0596 -0.0191
17275.831 2.7471 0.0088 7.6074 -0.3184 -0.0564 -0.0087
17275.87 2.7490 0.0212 7.6174 -0.3190 -0.0617 -0.0103
17275.928 2.7461 0.0229 7.6255 -0.3162 -0.0738 -0.0042
17275.979 2.7402 0.0198 7.6492 -0.3164 -0.0787 -0.0039
17276.029 2.7441 0.0068 7.6758 -0.3141 -0.0807 -0.0049
17276.083 2.7607 0.0232 7.6829 -0.3119 -0.0794 0.0011
17276.133 2.7568 0.0112 7.6997 -0.3144 -0.0704 0.0072
17276.182 2.7666 0.0012 7.6853 -0.3016 -0.0725 -0.0025
17276.233 2.7783 0.0000 7.6836 -0.2970 -0.0673 0.0017
17276.282 2.7832 0.0076 7.6936 -0.3009 -0.0684 -0.0018
17276.331 2.7754 0.0132 7.7153 -0.2920 -0.0724 -0.0133
17276.383 2.7930 0.0071 7.6931 -0.2878 -0.0677 -0.0082
17276.435 2.8037 0.0205 7.6885 -0.2932 -0.0688 -0.0050
17276.484 2.8057 0.0027 7.6946 -0.3043 -0.0608 -0.0109
17276.537 2.8125 0.0103 7.7153 -0.2963 -0.0685 -0.0258
17276.587 2.8125 0.0051 7.7136 -0.3007 -0.0644 -0.0345
17276.636 2.8193 -0.0039 7.7158 -0.3047 -0.0540 -0.0356
17276.706 2.8291 -0.0168 7.7444 -0.3129 -0.0532 -0.0348
17276.748 2.8262 -0.0034 7.7515 -0.3064 -0.0581 -0.0349
17276.797 2.8232 0.0012 7.7947 -0.2988 -0.0520 -0.0331
17276.841 2.8252 0.0107 7.7920 -0.2909 -0.0464 -0.0409
17276.91 2.8184 0.0076 7.7883 -0.2877 -0.0560 -0.0367
17276.952 2.8145 -0.0044 7.7954 -0.2873 -0.0509 -0.0325
17277.002 2.8184 -0.0007 7.8123 -0.2817 -0.0453 -0.0336
17277.054 2.8203 -0.0068 7.8174 -0.2604 -0.0483 -0.0356
17277.099 2.8223 -0.0129 7.8206 -0.2562 -0.0479 -0.0439
17277.149 2.8496 -0.0083 7.8423 -0.2611 -0.0385 -0.0407
17277.202 2.8477 0.0022 7.8582 -0.2612 -0.0310 -0.0327
17277.253 2.8564 -0.0010 7.8643 -0.2594 -0.0325 -0.0218
17277.305 2.8633 0.0027 7.8733 -0.2567 -0.0379 -0.0239
17277.358 2.8701 0.0015 7.8970 -0.2482 -0.0304 -0.0293
17277.408 2.8818 0.0002 7.9197 -0.2498 -0.0315 -0.0241
17277.46 2.8789 -0.0078 7.9180 -0.2537 -0.0335 -0.0309
17277.511 2.8779 -0.0090 7.9124 -0.2591 -0.0246 -0.0335
17277.563 2.8789 -0.0122 7.9204 -0.2664 -0.0314 -0.0264
17277.614 2.8818 -0.0085 7.9304 -0.2641 -0.0358 -0.0213
17277.663 2.8887 0.0010 7.9404 -0.2624 -0.0325 -0.0119
17277.716 2.8760 -0.0100 7.9495 -0.2668 -0.0298 -0.0163
17277.767 2.8877 -0.0161 7.9468 -0.2655 -0.0237 -0.0160
17277.816 2.8945 -0.0125 7.9714 -0.2723 -0.0133 -0.0199
17277.877 2.9053 -0.0059 7.9883 -0.2691 -0.0111 -0.0129
17277.92 2.9229 -0.0002 8.0032 -0.2697 -0.0117 -0.0144
17277.97 2.9277 0.0005 8.0171 -0.2684 -0.0108 -0.0179
17278.021 2.9297 -0.0017 8.0505 -0.2699 0.0029 -0.0180
17278.072 2.9307 0.0098 8.0977 -0.2748 0.0061 -0.0205
17278.124 2.9277 0.0193 8.1282 -0.2740 0.0084 -0.0312
17278.175 2.9307 0.0259 8.1489 -0.2703 0.0192 -0.0232
17278.228 2.9424 0.0237 8.1873 -0.2671 0.0172 -0.0152
17278.279 2.9531 0.0254 8.1943 -0.2649 0.0204 -0.0149
17278.342 2.9570 0.0242 8.2024 -0.2664 0.0165 -0.0135
17278.383 2.9600 0.0229 8.1880 -0.2627 0.0249 -0.0204
17278.436 2.9658 0.0178 8.1853 -0.2552 0.0243 -0.0295
17278.476 2.9658 0.0166 8.1797 -0.2644 0.0271 -0.0335
17278.547 2.9629 0.0203 8.1770 -0.2693 0.0227 -0.0203
17278.588 2.9678 0.0200 8.2095 -0.2718 0.0273 -0.0275
17278.638 2.9873 0.0120 8.2224 -0.2710 0.0301 -0.0382
17278.682 2.9922 0.0146 8.2451 -0.2735 0.0295 -0.0369
17278.779 3.0000 0.0193 8.2473 -0.2665 0.0145 -0.0394
17278.781 3.0059 0.0259 8.2642 -0.2566 0.0144 -0.0395
17278.845 2.9912 0.0344 8.2673 -0.2505 0.0100 -0.0358
17278.893 3.0000 0.0283 8.2803 -0.2473 0.0032 -0.0350
17278.944 2.9941 0.0251 8.2766 -0.2493 0.0055 -0.0432
17278.988 3.0049 0.0288 8.2954 -0.2428 0.0001 -0.0372
17279.042 3.0098 0.0286 8.2996 -0.2353 -0.0048 -0.0378
17279.089 3.0186 0.0342 8.3076 -0.2297 -0.0111 -0.0407
17279.14 3.0254 0.0417 8.2981 -0.2246 -0.0069 -0.0342
17279.19 3.0469 0.0444 8.3208 -0.2318 -0.0113 -0.0276
17279.261 3.0605 0.0481 8.3269 -0.2372 -0.0105 -0.0292
17279.304 3.0547 0.0381 8.3242 -0.2369 -0.0211 -0.0284
17279.345 3.0479 0.0447 8.3352 -0.2422 -0.0232 -0.0271
17279.396 3.0625 0.0376 8.3413 -0.2381 -0.0223 -0.0344
17279.447 3.0605 0.0413 8.3494 -0.2430 -0.0139 -0.0359
17279.498 3.0732 0.0342 8.3506 -0.2441 -0.0106 -0.0442
17279.551 3.0996 0.0515 8.3450 -0.2633 -0.0236 -0.0548
17279.6 3.0947 0.0444 8.3657 -0.2725 -0.0147 -0.0554
17279.653 3.0977 0.0530 8.3826 -0.2759 -0.0096 -0.0603
17279.702 3.0957 0.0439 8.3828 -0.2761 -0.0073 -0.0618
17279.755 3.0908 0.0427 8.3958 -0.2752 -0.0165 -0.0601
17279.806 3.1035 0.0425 8.4058 -0.2806 -0.0133 -0.0540
17279.858 3.0947 0.0461 8.4255 -0.2769 -0.0162 -0.0613
17279.912 3.1123 0.0303 8.4629 -0.2708 -0.0173 -0.0528
17279.963 3.0996 0.0310 8.4827 -0.2719 -0.0213 -0.0553
17280.016 3.1133 0.0288 8.5063 -0.2845 -0.0209 -0.0521
17280.067 3.1191 0.0266 8.5056 -0.2831 -0.0248 -0.0498
17280.118 3.1328 0.0127 8.5186 -0.2704 -0.0250 -0.0481
17280.168 3.1455 0.0085 8.5188 -0.2710 -0.0236 -0.0520
17280.22 3.1621 0.0073 8.5327 -0.2697 -0.0261 -0.0455
17280.273 3.1504 -0.0046 8.5339 -0.2736 -0.0325 -0.0465
17280.322 3.1523 -0.0010 8.5273 -0.2709 -0.0431 -0.0376
17280.373 3.1514 0.0017 8.5500 -0.2682 -0.0461 -0.0306
17280.424 3.1367 0.0063 8.5493 -0.2573 -0.0557 -0.0331
17280.475 3.1406 0.0198 8.5779 -0.2570 -0.0578 -0.0323
17280.526 3.1367 0.0342 8.5713 -0.2643 -0.0593 -0.0276
17280.577 3.1357 0.0339 8.5793 -0.2701 -0.0556 -0.0220
17280.627 3.1543 0.0415 8.5874 -0.2712 -0.0643 -0.0231
17280.696 3.1572 0.0403 8.6023 -0.2751 -0.0702 -0.0328
17280.737 3.1523 0.0508 8.6230 -0.2834 -0.0741 -0.0420
17280.788 3.1543 0.0486 8.6204 -0.2854 -0.0790 -0.0302
17280.83 3.1572 0.0454 8.6274 -0.2865 -0.0758 -0.0336
17280.899 3.1670 0.0491 8.6267 -0.2895 -0.0778 -0.0276
17280.941 3.1670 0.0557 8.6123 -0.2915 -0.0770 -0.0272
17280.99 3.1719 0.0486 8.6008 -0.3017 -0.0780 -0.0326
17281.046 3.1768 0.0415 8.6479 -0.2894 -0.0777 -0.0256
17281.088 3.1709 0.0393 8.6599 -0.2881 -0.0726 -0.0281
17281.139 3.1729 0.0352 8.6611 -0.2963 -0.0870 -0.0311
17281.19 3.1709 0.0417 8.6799 -0.2960 -0.0833 -0.0402
17281.259 3.1768 0.0503 8.6685 -0.2994 -0.0806 -0.0418
17281.302 3.1768 0.0627 8.6697 -0.3067 -0.0783 -0.0620
17281.343 3.1797 0.0703 8.6777 -0.3178 -0.0779 -0.0597
17281.406 3.1865 0.0701 8.6995 -0.3180 -0.0809 -0.0598
17281.45 3.1816 0.0620 8.7173 -0.3104 -0.0763 -0.0686
17281.498 3.1689 0.0667 8.7107 -0.3101 -0.0735 -0.0711
17281.569 3.1738 0.0605 8.7080 -0.3088 -0.0736 -0.0693
17281.595 3.1797 0.0525 8.7161 -0.3075 -0.0647 -0.0732
17281.657 3.1709 0.0483 8.7290 -0.3062 -0.0634 -0.0686
17281.722 3.1748 0.0559 8.7351 -0.3049 -0.0583 -0.0587
17281.754 3.1660 0.0625 8.7598 -0.3117 -0.0636 -0.0612
17281.806 3.1719 0.0505 8.7649 -0.3190 -0.0666 -0.0456
17281.859 3.1650 0.0503 8.7886 -0.3057 -0.0686 -0.0419
17281.91 3.1709 0.0364 8.7888 -0.3040 -0.0793 -0.0449
17281.963 3.1836 0.0254 8.7988 -0.3027 -0.0717 -0.0350
17282.014 3.1934 0.0144 8.7981 -0.3066 -0.0676 -0.0332
17282.066 3.2021 0.0015 8.8306 -0.3086 -0.0663 -0.0343
17282.117 3.2070 -0.0066 8.8455 -0.3059 -0.0726 -0.0402
17282.171 3.2139 -0.0117 8.8604 -0.3103 -0.0703 -0.0398
17282.219 3.1982 -0.0217 8.8694 -0.3033 -0.0685 -0.0428
17282.271 3.2100 -0.0317 8.8823 -0.2924 -0.0648 -0.0401
17282.32 3.1992 -0.0271 8.8972 -0.2897 -0.0692 -0.0407
17282.373 3.1992 -0.0215 8.8887 -0.2865 -0.0684 -0.0484
17282.424 3.2080 -0.0081 8.9114 -0.2847 -0.0671 -0.0552
17282.476 3.2061 -0.0161 8.9009 -0.2896 -0.0801 -0.0682
17282.527 3.2207 -0.0105 8.9187 -0.2821 -0.0845 -0.0731
17282.578 3.2295 -0.0186 8.9287 -0.2861 -0.0913 -0.0790
17282.629 3.2324 -0.0168 8.9241 -0.2819 -0.0910 -0.0786
17282.683 3.2402 -0.0063 8.9263 -0.2863 -0.0920 -0.0855
17282.732 3.2314 0.0012 8.9353 -0.2850 -0.0864 -0.0861
17282.783 3.2363 0.0010 8.9473 -0.2894 -0.0794 -0.0895
17282.832 3.2344 -0.0100 8.9709 -0.2986 -0.0790 -0.0849
17282.882 3.2393 -0.0112 9.0044 -0.2925 -0.0887 -0.0831
17282.934 3.2451 -0.0134 9.0066 -0.2960 -0.0874 -0.0732
17282.982 3.2529 -0.0186 9.0371 -0.3057 -0.0799 -0.0738
17283.053 3.2578 -0.0315 9.0452 -0.3044 -0.0724 -0.0835
17283.085 3.2490 -0.0220 9.0347 -0.3069 -0.0701 -0.0779
17283.147 3.2383 -0.0193 9.0505 -0.3113 -0.0726 -0.0828
17283.188 3.2383 -0.0264 9.0645 -0.2990 -0.0660 -0.0796
17283.241 3.2373 -0.0344 9.0598 -0.3063 -0.0671 -0.0778
17283.312 3.2354 -0.0376 9.0620 -0.2940 -0.0629 -0.0765
17283.343 3.2510 -0.0291 9.0750 -0.2927 -0.0683 -0.0733
17283.407 3.2344 -0.0293 9.0840 -0.2910 -0.0656 -0.0648
17283.452 3.2412 -0.0178 9.0784 -0.2906 -0.0561 -0.0668
17283.497 3.2529 -0.0122 9.0913 -0.2950 -0.0777 -0.0651
17283.547 3.2617 -0.0232 9.0789 -0.3018 -0.0779 -0.0724
17283.596 3.2705 -0.0225 9.0986 -0.3043 -0.0660 -0.0777
17283.649 3.2734 -0.0286 9.0959 -0.3112 -0.0652 -0.0817
17283.718 3.2715 -0.0269 9.1235 -0.3094 -0.0715 -0.0770
17283.751 3.2705 -0.0339 9.1121 -0.3019 -0.0779 -0.0762
17283.812 3.2520 -0.0176 9.1172 -0.3211 -0.0751 -0.0692
17283.873 3.2656 0.0017 9.1301 -0.3169 -0.0843 -0.0641
17283.914 3.2754 0.0034 9.1323 -0.3204 -0.0773 -0.0632
17283.957 3.2764 -0.0037 9.1404 -0.3186 -0.0836 -0.0715
17284.026 3.2871 -0.0078 9.1377 -0.3092 -0.0775 -0.0807
17284.066 3.2969 -0.0120 9.1184 -0.3131 -0.0743 -0.0727
17284.118 3.3027 -0.0171 9.1284 -0.3094 -0.0687 -0.0666
17284.161 3.3018 -0.0134 9.1306 -0.3058 -0.0717 -0.0710
17284.23 3.3037 -0.0156 9.1396 -0.3111 -0.0813 -0.0726
17284.273 3.3066 -0.0110 9.1575 -0.3003 -0.0709 -0.0698
17284.322 3.3193 -0.0044 9.1519 -0.3061 -0.0739 -0.0752
17284.363 3.3105 -0.0056 9.1716 -0.3044 -0.0741 -0.0758
17284.434 3.3086 -0.0098 9.1572 -0.3026 -0.0699 -0.0802
17284.476 3.3037 0.0105 9.1643 -0.2994 -0.0624 -0.0727
17284.525 3.2969 0.0063 9.1812 -0.3090 -0.0630 -0.0671
17284.587 3.3193 0.0100 9.1873 -0.3068 -0.0645 -0.0682
17284.627 3.3174 0.0068 9.1943 -0.3088 -0.0642 -0.0645
17284.68 3.3408 0.0066 9.2083 -0.3094 -0.0566 -0.0647
17284.733 3.3379 -0.0005 9.2124 -0.3100 -0.0520 -0.0543
17284.776 3.3369 -0.0027 9.1970 -0.3068 -0.0488 -0.0506
17284.832 3.3311 0.0127 9.1836 -0.3031 -0.0456 -0.0612
17284.879 3.3369 0.0271 9.1516 -0.3047 -0.0476 -0.0575
17284.938 3.3418 0.0200 9.1528 -0.3100 -0.0425 -0.0624
17284.989 3.3525 0.0325 9.1667 -0.3207 -0.0321 -0.0683
17285.042 3.3516 0.0352 9.1748 -0.3170 -0.0222 -0.0689
17285.089 3.3574 0.0339 9.1653 -0.3090 -0.0352 -0.0724
17285.147 3.3457 0.0298 9.1782 -0.3168 -0.0320 -0.0816
17285.188 3.3545 0.0344 9.1726 -0.3207 -0.0478 -0.0826
17285.24 3.3516 0.0303 9.1699 -0.3299 -0.0384 -0.0818
17285.31 3.3623 0.0271 9.1692 -0.3291 -0.0462 -0.0781
17285.339 3.3750 0.0239 9.1577 -0.3311 -0.0434 -0.0740
17285.402 3.3760 0.0276 9.1443 -0.3255 -0.0450 -0.0712
17285.443 3.3730 0.0381 9.1309 -0.3252 -0.0427 -0.0694
17285.493 3.3730 0.0212 9.1165 -0.3267 -0.0381 -0.0643
17285.563 3.3828 0.0239 9.1353 -0.3245 -0.0386 -0.0616
17285.607 3.3877 0.0120 9.1101 -0.3284 -0.0316 -0.0569
17285.651 3.4072 0.0195 9.1230 -0.3448 -0.0303 -0.0628
17285.703 3.4121 0.0271 9.1252 -0.3640 -0.0285 -0.0639
17285.753 3.4121 0.0229 9.0981 -0.3617 -0.0234 -0.0583
17285.806 3.4170 0.0334 9.0847 -0.3628 -0.0226 -0.0551
17285.857 3.4150 0.0254 9.0684 -0.3672 -0.0284 -0.0609
17285.898 3.4248 0.0251 9.0842 -0.3745 -0.0323 -0.0625
17285.968 3.4219 0.0298 9.0718 -0.3756 -0.0220 -0.0659
17286.011 3.4258 0.0256 9.0515 -0.3747 -0.0264 -0.0489
17286.062 3.4131 0.0117 9.0557 -0.3715 -0.0327 -0.0543
17286.113 3.4229 0.0066 9.0618 -0.3774 -0.0362 -0.0439
17286.167 3.4287 -0.0034 9.0679 -0.3680 -0.0348 -0.0502
17286.215 3.4170 -0.0056 9.0330 -0.3762 -0.0278 -0.0456
17286.266 3.4111 -0.0127 9.0527 -0.3830 -0.0332 -0.0328
17286.315 3.4160 -0.0129 9.0315 -0.3769 -0.0357 -0.0339
17286.365 3.4170 -0.0132 9.0464 -0.3857 -0.0358 -0.0336
17286.416 3.4141 -0.0203 9.0408 -0.3824 -0.0354 -0.0418
17286.485 3.4180 -0.0117 9.0225 -0.3769 -0.0403 -0.0443
17286.517 3.4150 -0.0149 9.0178 -0.3846 -0.0409 -0.0483
17286.578 3.4219 -0.0005 9.0083 -0.3814 -0.0377 -0.0422
17286.618 3.4170 -0.0037 9.0056 -0.3787 -0.0507 -0.0476
17286.671 3.4141 0.0029 9.0098 -0.3755 -0.0451 -0.0563
17286.72 3.4180 0.0154 9.0100 -0.3804 -0.0395 -0.0407
17286.793 3.4238 0.0142 9.0093 -0.3776 -0.0382 -0.0475
17286.834 3.4443 0.0090 9.0115 -0.3806 -0.0340 -0.0390
17286.877 3.4473 0.0117 9.0166 -0.3783 -0.0251 -0.0487
17286.942 3.4570 0.0183 9.0247 -0.3708 -0.0223 -0.0431
17286.984 3.4668 0.0181 9.0356 -0.3700 -0.0258 -0.0480
17287.037 3.4648 0.0266 9.0154 -0.3706 -0.0374 -0.0533
17287.082 3.4795 0.0244 8.9941 -0.3698 -0.0399 -0.0439
17287.134 3.4785 0.0408 8.9954 -0.3651 -0.0519 -0.0412
17287.185 3.4844 0.0474 8.9868 -0.3600 -0.0497 -0.0499
17287.236 3.4805 0.0549 8.9900 -0.3745 -0.0512 -0.0453
17287.284 3.4902 0.0684 8.9961 -0.3756 -0.0590 -0.0468
17287.357 3.4980 0.0701 8.9973 -0.3728 -0.0510 -0.0489
17287.386 3.5029 0.0747 9.0063 -0.3768 -0.0454 -0.0385
17287.447 3.5137 0.0735 8.9812 -0.3936 -0.0541 -0.0429
17287.505 3.5088 0.0908 8.9854 -0.3827 -0.0551 -0.0392
17287.548 3.5127 0.0808 8.9690 -0.3905 -0.0510 -0.0422
17287.599 3.5088 0.0767 8.9644 -0.3949 -0.0559 -0.0443
17287.648 3.5088 0.0774 8.9900 -0.3931 -0.0712 -0.0434
17287.699 3.5117 0.0830 8.9697 -0.4004 -0.0804 -0.0478
17287.778 3.5264 0.0876 8.9661 -0.3872 -0.0810 -0.0480
17287.793 3.5156 0.0933 8.9175 -0.3888 -0.0897 -0.0452
17287.865 3.5225 0.0950 8.9138 -0.3865 -0.0870 -0.0396
17287.905 3.5303 0.0928 8.9268 -0.3776 -0.0843 -0.0412
17287.958 3.5371 0.0964 8.9368 -0.3858 -0.0834 -0.0313
17288.001 3.5361 0.1089 8.9282 -0.3869 -0.0864 -0.0281
17288.053 3.5352 0.1174 8.9675 -0.3880 -0.0818 -0.0354
17288.123 3.5342 0.1006 8.9941 -0.3919 -0.0924 -0.0341
17288.155 3.5420 0.0964 8.9885 -0.3997 -0.0844 -0.0266
17288.215 3.5645 0.0610 8.9849 -0.3998 -0.0797 -0.0362
17288.266 3.5684 0.0588 8.9792 -0.3985 -0.0798 -0.0254
17288.317 3.5596 0.0439 8.9629 -0.4000 -0.0795 -0.0265
17288.369 3.5664 0.0437 8.9436 -0.4026 -0.0691 -0.0228
17288.418 3.5703 0.0415 8.9663 -0.3984 -0.0711 -0.0277
17288.471 3.5840 0.0315 8.9656 -0.4004 -0.0660 -0.0140
17288.523 3.5967 0.0410 8.9766 -0.3858 -0.0618 -0.0074
17288.566 3.5986 0.0466 8.9895 -0.3907 -0.0753 -0.0037
17288.616 3.6055 0.0396 8.9790 -0.3808 -0.0759 -0.0015
17288.666 3.6094 0.0129 8.9558 -0.3785 -0.0794 -0.0002
17288.719 3.5908 0.0215 8.9463 -0.3662 -0.0771 0.0011
17288.788 3.5947 0.0164 8.9172 -0.3635 -0.0720 -0.0038
17288.821 3.5889 0.0132 8.9194 -0.3632 -0.0697 0.0014
17288.882 3.5889 0.0305 8.9207 -0.3523 -0.0684 0.0003
17288.926 3.5908 0.0361 8.9004 -0.3515 -0.0714 -0.0113
17288.977 3.6016 0.0359 8.9153 -0.3378 -0.0639 -0.0210
17289.03 3.6123 0.0386 8.9058 -0.3441 -0.0712 -0.0306
17289.079 3.6221 0.0442 8.9158 -0.3318 -0.0684 -0.0289
17289.13 3.6221 0.0293 8.8975 -0.3281 -0.0728 -0.0304
17289.181 3.6396 0.0330 8.8879 -0.3397 -0.0620 -0.0201
17289.233 3.6338 0.0405 8.8589 -0.3322 -0.0645 -0.0183
17289.281 3.6318 0.0579 8.8464 -0.3342 -0.0603 -0.0203
17289.334 3.6357 0.0498 8.8447 -0.3444 -0.0533 -0.0109
17289.385 3.6514 0.0574 8.8596 -0.3464 -0.0481 -0.0077
17289.436 3.6494 0.0640 8.8628 -0.3485 -0.0530 0.0008
17289.485 3.6445 0.0676 8.8445 -0.3534 -0.0613 -0.0027
17289.538 3.6426 0.0732 8.8320 -0.3487 -0.0642 -0.0071
17289.587 3.6387 0.0789 8.8157 -0.3579 -0.0615 -0.0106
17289.639 3.6309 0.0835 8.7954 -0.3623 -0.0650 -0.0117
17289.692 3.6279 0.0842 8.7996 -0.3787 -0.0656 -0.0189
17289.741 3.6104 0.0781 8.8018 -0.3774 -0.0614 -0.0110
17289.793 3.6221 0.0916 8.7942 -0.3813 -0.0610 -0.0144
17289.845 3.6416 0.0786 8.7573 -0.3781 -0.0578 -0.0150
17289.897 3.6367 0.0784 8.7722 -0.3787 -0.0584 -0.0066
17289.948 3.6426 0.0654 8.7832 -0.3841 -0.0528 -0.0086
17289.997 3.6299 0.0759 8.7883 -0.3856 -0.0515 -0.0126
17290.05 3.6357 0.0835 8.7388 -0.3767 -0.0421 -0.0122
17290.1 3.6455 0.0989 8.7488 -0.3787 -0.0336 -0.0157
17290.15 3.6523 0.0957 8.7705 -0.3765 -0.0332 -0.0220
17290.201 3.6475 0.0964 8.7708 -0.3780 -0.0291 -0.0188
17290.254 3.6426 0.1021 8.7642 -0.3786 -0.0187 -0.0170
17290.303 3.6465 0.1067 8.7517 -0.3745 -0.0088 -0.0090
17290.356 3.6475 0.1035 8.7402 -0.3803 -0.0094 -0.0020
17290.407 3.6494 0.0916 8.7473 -0.3805 -0.0052 -0.0055
17290.46 3.6611 0.0884 8.7573 -0.3758 -0.0058 -0.0032
17290.511 3.6777 0.0862 8.7585 -0.3774 -0.0036 0.0024
17290.563 3.7002 0.0889 8.7529 -0.3894 -0.0027 0.0066
17290.613 3.6953 0.0994 8.7483 -0.3948 0.0043 0.0122
17290.665 3.7109 0.1128 8.7310 -0.3887 -0.0039 0.0068
17290.716 3.7217 0.1194 8.7341 -0.3793 0.0031 0.0195
17290.774 3.7168 0.1328 8.7539 -0.3837 0.0087 0.0223
17290.813 3.7246 0.1345 8.7405 -0.3863 0.0067 0.0326
17290.863 3.7256 0.1392 8.7300 -0.3888 -0.0020 0.0177
17290.916 3.7236 0.1506 8.7273 -0.3841 0.0012 0.0162
17290.964 3.7256 0.1484 8.7305 -0.3795 -0.0042 0.0170
17291.017 3.7334 0.1531 8.7502 -0.3753 -0.0005 0.0183
17291.057 3.7510 0.1440 8.7300 -0.3745 -0.0030 0.0206
17291.118 3.7539 0.1458 8.7244 -0.3732 0.0065 0.0228
17291.172 3.7607 0.1650 8.7578 -0.3690 0.0025 0.0360
17291.22 3.7578 0.1638 8.7639 -0.3744 0.0014 0.0311
17291.272 3.7656 0.1685 8.7612 -0.3659 0.0099 0.0358
17291.323 3.7715 0.1770 8.7546 -0.3713 0.0155 0.0409
17291.364 3.7744 0.1875 8.7598 -0.3743 0.0149 0.0475
17291.426 3.7656 0.1990 8.7571 -0.3692 0.0091 0.0459
17291.467 3.7793 0.1958 8.7769 -0.3750 0.0090 0.0486
17291.516 3.7617 0.1956 8.7781 -0.3728 0.0107 0.0514
17291.587 3.7734 0.1914 8.7900 -0.3672 0.0140 0.0551
17291.628 3.7666 0.1892 8.7639 -0.3711 0.0186 0.0506
17291.679 3.7783 0.1890 8.7710 -0.3679 0.0199 0.0682
17291.743 3.7842 0.1985 8.7654 -0.3709 0.0198 0.0633
17291.772 3.7842 0.2158 8.7695 -0.3748 0.0206 0.0545
17291.836 3.7813 0.2175 8.7737 -0.3855 0.0191 0.0716
17291.878 3.7930 0.2163 8.7524 -0.3813 0.0123 0.0777
17291.929 3.7852 0.2219 8.7341 -0.3881 0.0069 0.0790
17291.981 3.7920 0.2275 8.7266 -0.3959 0.0092 0.0602
17292.032 3.7969 0.2175 8.7327 -0.3927 0.0143 0.0611
17292.081 3.8047 0.2104 8.7378 -0.4166 0.0233 0.0705
17292.132 3.8076 0.2180 8.7419 -0.4091 0.0293 0.0804
17292.181 3.8262 0.2090 8.7480 -0.4140 0.0326 0.0817
17292.232 3.8076 0.2166 8.7444 -0.4075 0.0277 0.0825
17292.281 3.8076 0.2144 8.7280 -0.4114 0.0366 0.0871
17292.354 3.7959 0.2170 8.7263 -0.4073 0.0451 0.0927
17292.398 3.8047 0.2197 8.7490 -0.4079 0.0454 0.0893
17292.446 3.7930 0.2175 8.7395 -0.4042 0.0487 0.0758
17292.489 3.8076 0.2183 8.7046 -0.3976 0.0504 0.0704
17292.54 3.8145 0.2336 8.7117 -0.3977 0.0413 0.0908
17292.59 3.8184 0.2217 8.7061 -0.3979 0.0421 0.0926
17292.643 3.8164 0.2175 8.6907 -0.3889 0.0353 0.0796
17292.694 3.8301 0.2163 8.6655 -0.3938 0.0357 0.0704
17292.747 3.8203 0.2053 8.6677 -0.3987 0.0360 0.0679
17292.8 3.8193 0.2041 8.6719 -0.3936 0.0330 0.0673
17292.849 3.8154 0.2078 8.6604 -0.3890 0.0248 0.0595
17292.898 3.8125 0.2114 8.6489 -0.3753 0.0275 0.0560
17292.969 3.8037 0.2034 8.6541 -0.3840 0.0246 0.0602
17293.01 3.8135 0.2021 8.6768 -0.3903 0.0235 0.0768
17293.048 3.8086 0.1951 8.6584 -0.3962 0.0205 0.0876
17293.11 3.8193 0.1987 8.6694 -0.3872 0.0204 0.0832
17293.159 3.8389 0.2034 8.7087 -0.3883 0.0183 0.0793
17293.212 3.8516 0.2070 8.7021 -0.3989 0.0192 0.0729
17293.263 3.8633 0.2107 8.6965 -0.3905 0.0181 0.0785
17293.316 3.8682 0.2085 8.6899 -0.3892 0.0051 0.0703
17293.359 3.8643 0.2063 8.7058 -0.3855 -0.0060 0.0740
17293.411 3.8672 0.2109 8.7070 -0.3851 -0.0047 0.0667
17293.46 3.8877 0.2126 8.6995 -0.3857 -0.0096 0.0656
17293.511 3.8994 0.1997 8.6929 -0.3844 -0.0111 0.0712
17293.56 3.9053 0.2102 8.6531 -0.3884 -0.0112 0.0673
17293.632 3.9121 0.2119 8.6592 -0.3909 -0.0018 0.0633
17293.673 3.9150 0.2136 8.6575 -0.3829 -0.0048 0.0608
17293.717 3.9092 0.2075 8.6313 -0.3658 -0.0111 0.0659
17293.773 3.9102 0.2151 8.6082 -0.3755 -0.0079 0.0644
17293.833 3.9082 0.2188 8.6309 -0.3709 0.0020 0.0638
17293.865 3.9111 0.2136 8.6125 -0.3772 0.0086 0.0589
17293.925 3.9219 0.2026 8.6226 -0.3726 0.0113 0.0630
17293.975 3.9180 0.1995 8.6023 -0.3703 0.0078 0.0600
17294.023 3.9229 0.2051 8.6025 -0.3723 0.0130 0.0599
17294.076 3.9229 0.2019 8.5784 -0.3715 0.0133 0.0498
17294.127 3.9277 0.2056 8.5688 -0.3769 0.0208 0.0535
17294.178 3.9473 0.2063 8.5564 -0.3737 0.0159 0.0467
17294.232 3.9482 0.2090 8.5537 -0.3743 0.0120 0.0480
17294.283 3.9512 0.2078 8.5588 -0.3701 0.0219 0.0473
17294.333 3.9600 0.2124 8.5747 -0.3731 0.0118 0.0425
17294.384 3.9629 0.2073 8.5457 -0.3680 0.0188 0.0471
17294.437 3.9541 0.2012 8.5371 -0.3805 0.0239 0.0312
17294.478 3.9590 0.2058 8.5247 -0.3783 0.0219 0.0306
17294.531 3.9385 0.2007 8.5474 -0.3812 0.0165 0.0381
17294.58 3.9248 0.2024 8.5544 -0.3828 0.0303 0.0428
17294.651 3.9336 0.1973 8.5420 -0.3844 0.0263 0.0455
17294.696 3.9326 0.2117 8.5354 -0.3854 0.0329 0.0416
17294.739 3.9414 0.2144 8.5278 -0.3713 0.0261 0.0381
17294.792 3.9492 0.2083 8.5232 -0.3676 0.0341 0.0327
17294.841 3.9561 0.2070 8.5352 -0.3682 0.0440 0.0493
17294.893 3.9590 0.2097 8.5149 -0.3707 0.0381 0.0468
17294.946 3.9600 0.2173 8.5142 -0.3732 0.0404 0.0424
17294.997 3.9619 0.2229 8.4685 -0.3662 0.0384 0.0403
17295.049 3.9580 0.2139 8.4668 -0.3653 0.0392 0.0440
17295.091 3.9590 0.2117 8.4524 -0.3817 0.0405 0.0463
17295.143 3.9619 0.2114 8.4565 -0.3837 0.0361 0.0571
17295.192 3.9707 0.2102 8.4500 -0.3839 0.0403 0.0589
17295.245 3.9736 0.2061 8.4414 -0.3878 0.0435 0.0621
17295.295 3.9766 0.2087 8.4094 -0.3798 0.0539 0.0458
17295.347 3.9814 0.2065 8.4351 -0.3861 0.0542 0.0366
17295.396 3.9961 0.2034 8.4138 -0.3791 0.0651 0.0355
17295.449 4.0049 0.1934 8.3770 -0.3778 0.0554 0.0406
17295.518 4.0029 0.1912 8.3831 -0.3760 0.0629 0.0519
17295.559 4.0000 0.1772 8.3677 -0.3876 0.0547 0.0494
17295.608 3.9873 0.1731 8.3640 -0.3873 0.0512 0.0517
17295.662 3.9922 0.1777 8.3633 -0.3907 0.0549 0.0449
17295.703 3.9922 0.1892 8.3577 -0.3942 0.0496 0.0486
17295.774 3.9922 0.1929 8.3481 -0.3886 0.0547 0.0456
17295.815 3.9912 0.1956 8.3445 -0.3949 0.0574 0.0364
17295.858 4.0088 0.1836 8.3242 -0.3936 0.0606 0.0410
17295.921 4.0195 0.1912 8.3352 -0.3909 0.0586 0.0290
17295.961 4.0176 0.1929 8.3374 -0.3929 0.0585 0.0245
17296.011 4.0215 0.1907 8.3289 -0.3911 0.0589 0.0058
17296.064 4.0225 0.1963 8.3271 -0.3865 0.0606 0.0109
17296.116 4.0186 0.2029 8.3147 -0.3838 0.0515 0.0160
17296.169 4.0303 0.1987 8.3130 -0.3882 0.0509 0.0030
17296.217 4.0332 0.2024 8.3152 -0.3835 0.0546 -0.0100
17296.271 4.0459 0.2109 8.3232 -0.3937 0.0482 -0.0091
17296.322 4.0391 0.2146 8.2932 -0.3933 0.0519 -0.0012
17296.363 4.0430 0.1958 8.2808 -0.3925 0.0547 0.0145
17296.415 4.0303 0.1809 8.2673 -0.3917 0.0522 0.0191
17296.464 4.0469 0.1934 8.2715 -0.3899 0.0477 0.0161
17296.513 4.0596 0.1980 8.2659 -0.3953 0.0495 0.0236
17296.584 4.0518 0.2163 8.2866 -0.3949 0.0494 0.0263
17296.627 4.0596 0.2151 8.2683 -0.3946 0.0469 0.0243
17296.67 4.0615 0.2178 8.2520 -0.4014 0.0425 0.0275
17296.721 4.0762 0.2224 8.2473 -0.4216 0.0457 0.0183
17296.774 4.0908 0.2231 8.2495 -0.4331 0.0466 0.0244
17296.834 4.1016 0.2161 8.2615 -0.4304 0.0517 0.0286
17296.868 4.1074 0.2168 8.2588 -0.4334 0.0497 0.0289
17296.928 4.1162 0.2253 8.2600 -0.4407 0.0495 0.0274
17296.971 4.1221 0.2358 8.2280 -0.4341 0.0585 0.0296
17297.022 4.1211 0.2483 8.2332 -0.4400 0.0545 0.0228
17297.075 4.1123 0.2461 8.2393 -0.4453 0.0516 0.0251
17297.125 4.1221 0.2449 8.2581 -0.4450 0.0553 0.0283
17297.177 4.1270 0.2476 8.2563 -0.4437 0.0551 0.0277
17297.226 4.1406 0.2610 8.2742 -0.4443 0.0574 0.0233
17297.279 4.1338 0.2539 8.2773 -0.4339 0.0578 0.0217
17297.331 4.1318 0.2576 8.2805 -0.4374 0.0543 0.0249
17297.383 4.1338 0.2583 8.2671 -0.4390 0.0542 0.0300
17297.425 4.1250 0.2522 8.2683 -0.4434 0.0445 0.0309
17297.497 4.1221 0.2734 8.2725 -0.4440 0.0525 0.0326
17297.54 4.1182 0.2742 8.2893 -0.4408 0.0629 0.0244
17297.583 4.1221 0.2651 8.3032 -0.4490 0.0613 0.0271
17297.633 4.1299 0.2795 8.2966 -0.4539 0.0626 0.0303
17297.686 4.1367 0.2822 8.3086 -0.4555 0.0764 0.0307
17297.737 4.1318 0.2888 8.3108 -0.4661 0.0724 0.0315
17297.788 4.1221 0.2954 8.3198 -0.4719 0.0775 0.0266
17297.837 4.1201 0.3020 8.3230 -0.4835 0.0841 0.0227
17297.886 4.1104 0.3047 8.3477 -0.4832 0.0945 0.0206
17297.937 4.1055 0.3210 8.3704 -0.4947 0.1044 0.0215
17297.99 4.0947 0.3198 8.3882 -0.4968 0.1047 0.0233
17298.041 4.1006 0.3264 8.3982 -0.4955 0.1137 0.0102
17298.094 4.1055 0.3271 8.3896 -0.4861 0.1112 0.0001
17298.145 4.1025 0.3308 8.3967 -0.4771 0.1010 -0.0105
17298.199 4.1016 0.3403 8.4155 -0.4734 0.0942 -0.0121
17298.25 4.1055 0.3381 8.4402 -0.4721 0.0788 -0.0141
17298.303 4.1064 0.3359 8.4824 -0.4675 0.0701 -0.0176
17298.345 4.0996 0.3337 8.4739 -0.4772 0.0843 -0.0287
17298.394 4.1045 0.3237 8.4751 -0.4658 0.0866 -0.0350
17298.447 4.0967 0.3254 8.4900 -0.4641 0.0884 -0.0242
17298.499 4.1172 0.3320 8.5332 -0.4651 0.0864 -0.0195
17298.551 4.1162 0.3425 8.5432 -0.4753 0.0905 -0.0144
17298.6 4.1172 0.3423 8.5581 -0.4845 0.0813 -0.0150
17298.664 4.1279 0.3479 8.5613 -0.4817 0.0860 -0.0223
17298.707 4.1318 0.3516 8.5674 -0.4843 0.0864 -0.0248
17298.758 4.1426 0.3337 8.5823 -0.4901 0.0872 -0.0211
17298.808 4.1436 0.3481 8.5854 -0.4859 0.0885 -0.0165
17298.857 4.1572 0.3645 8.5935 -0.4713 0.0836 -0.0090
17298.91 4.1494 0.3818 8.6025 -0.4728 0.0916 -0.0058
17298.96 4.1484 0.3894 8.6282 -0.4725 0.0920 -0.0045
17299.009 4.1436 0.3950 8.6353 -0.4793 0.0952 0.0078
17299.063 4.1338 0.4036 8.6550 -0.4770 0.0941 0.0044
17299.125 4.1279 0.3867 8.6660 -0.4767 0.0911 0.0057
17299.167 4.1250 0.3787 8.6663 -0.4716 0.0862 0.0017
17299.217 4.1328 0.3921 8.6665 -0.4803 0.0928 0.0121
17299.268 4.1338 0.3909 8.6863 -0.4713 0.0946 0.0124
17299.319 4.1406 0.3877 8.6992 -0.4863 0.0940 0.0190
17299.37 4.1426 0.3816 8.7209 -0.4831 0.0924 0.0208
17299.419 4.1494 0.3735 8.7378 -0.4775 0.0961 0.0307
17299.47 4.1514 0.3899 8.7468 -0.4738 0.0931 0.0191
17299.519 4.1572 0.3965 8.7578 -0.4753 0.0945 0.0247
17299.59 4.1553 0.4099 8.7610 -0.4712 0.0967 0.0303
17299.633 4.1611 0.4351 8.7749 -0.4713 0.0980 0.0387
17299.682 4.1533 0.4436 8.7742 -0.4685 0.0950 0.0467
17299.724 4.1650 0.4434 8.7598 -0.4520 0.0964 0.0428
17299.775 4.1709 0.4402 8.7717 -0.4473 0.0967 0.0355
17299.834 4.1797 0.4438 8.7886 -0.4498 0.1004 0.0354
17299.877 4.1807 0.4465 8.7937 -0.4533 0.0946 0.0410
17299.935 4.1758 0.4502 8.7793 -0.4611 0.0882 0.0489
17299.988 4.1895 0.4431 8.7932 -0.4602 0.0834 0.0469
17300.029 4.1816 0.4487 8.8374 -0.4613 0.0856 0.0449
17300.1 4.1699 0.4534 8.8503 -0.4557 0.0874 0.0595
17300.143 4.1641 0.4658 8.8408 -0.4568 0.0892 0.0599
17300.184 4.1582 0.4675 8.8586 -0.4598 0.0919 0.0688
17300.245 4.1748 0.4692 8.8813 -0.4523 0.0866 0.0558
17300.286 4.1816 0.4612 8.8523 -0.4467 0.0874 0.0609
17300.339 4.1855 0.4531 8.8564 -0.4421 0.0792 0.0594
17300.388 4.1875 0.4539 8.8674 -0.4388 0.0810 0.0459
17300.439 4.2002 0.4478 8.8765 -0.4404 0.0813 0.0458
17300.508 4.2031 0.4504 8.9060 -0.4391 0.0774 0.0404
17300.55 4.2197 0.4482 8.9209 -0.4359 0.0720 0.0326
17300.584 4.2266 0.4568 8.8997 -0.4432 0.0647 0.0263
17300.647 4.2275 0.4634 8.9175 -0.4490 0.0799 0.0252
17300.7 4.2168 0.4573 8.9021 -0.4477 0.0764 0.0203
17300.741 4.2061 0.4541 8.9121 -0.4560 0.0773 0.0102
17300.807 4.1973 0.4451 8.9280 -0.4537 0.0771 0.0100
17300.849 4.2119 0.4360 8.9380 -0.4581 0.0794 0.0066
17300.898 4.2266 0.4299 8.9421 -0.4692 0.0774 0.0074
17300.949 4.2305 0.4404 8.9834 -0.4765 0.0763 0.0015
17300.998 4.2402 0.4431 8.9915 -0.4800 0.0757 -0.0076
17301.048 4.2529 0.4351 9.0024 -0.4978 0.0775 -0.0092
17301.11 4.2490 0.4241 8.9988 -0.5079 0.0807 -0.0232
17301.15 4.2559 0.4209 9.0410 -0.5147 0.0763 -0.0233
17301.201 4.2646 0.4275 9.0413 -0.5191 0.0805 -0.0215
17301.27 4.2617 0.4136 9.0532 -0.5178 0.0775 -0.0159
17301.311 4.2637 0.4143 9.0652 -0.5251 0.0731 -0.0156
17301.36 4.2549 0.4238 9.0811 -0.5186 0.0768 -0.0181
17301.413 4.2676 0.4177 9.1116 -0.5139 0.0766 -0.0177
17301.463 4.2764 0.4126 9.1099 -0.5107 0.0670 -0.0193
17301.516 4.2744 0.4211 9.1511 -0.5065 0.0683 -0.0266
17301.566 4.2656 0.4258 9.1523 -0.5229 0.0672 -0.0319
17301.619 4.2686 0.4285 9.1487 -0.5211 0.0728 -0.0407
17301.669 4.2744 0.4185 9.1460 -0.5188 0.0708 -0.0332
17301.718 4.2842 0.4270 9.1453 -0.5113 0.0616 -0.0309
17301.771 4.2871 0.4268 9.1836 -0.5062 0.0567 -0.0325
17301.822 4.2979 0.4324 9.1926 -0.5078 0.0504 -0.0354
17301.873 4.3223 0.4243 9.2056 -0.5098 0.0426 -0.0413
17301.925 4.3262 0.4348 9.2195 -0.5138 0.0440 -0.0381
17301.977 4.3262 0.4238 9.2412 -0.5229 0.0519 -0.0420
17302.026 4.3164 0.4382 9.2610 -0.5302 0.0533 -0.0426
17302.079 4.3018 0.4380 9.2739 -0.5270 0.0527 -0.0423
17302.129 4.3008 0.4524 9.2625 -0.5147 0.0587 -0.0500
17302.18 4.3057 0.4473 9.2930 -0.5187 0.0596 -0.0425
17302.231 4.3184 0.4431 9.3118 -0.5231 0.0642 -0.0293
17302.284 4.3242 0.4575 9.3530 -0.5290 0.0660 -0.0323
17302.333 4.3359 0.4680 9.3318 -0.5253 0.0573 -0.0391
17302.386 4.3438 0.4805 9.3682 -0.5240 0.0720 -0.0397
17302.435 4.3545 0.4705 9.3918 -0.5289 0.0757 -0.0322
17302.483 4.3643 0.4741 9.3989 -0.5204 0.0756 -0.0357
17302.535 4.3633 0.4836 9.4001 -0.5148 0.0783 -0.0410
17302.586 4.3652 0.4775 9.4238 -0.5078 0.0705 -0.0307
17302.637 4.3721 0.4744 9.4387 -0.5079 0.0733 -0.0322
17302.688 4.3789 0.4692 9.4351 -0.5056 0.0818 -0.0324
17302.742 4.3740 0.4651 9.4353 -0.5091 0.0912 -0.0296
17302.789 4.3701 0.4707 9.4375 -0.5131 0.0973 -0.0307
17302.861 4.3682 0.4753 9.4680 -0.5113 0.0976 -0.0385
17302.888 4.3701 0.4790 9.4810 -0.5085 0.0937 -0.0481
17302.949 4.3799 0.4895 9.4724 -0.5087 0.0854 -0.0416
17302.998 4.3760 0.4863 9.4893 -0.4964 0.0891 -0.0389
17303.052 4.3770 0.4832 9.4680 -0.4951 0.0895 -0.0366
17303.096 4.3721 0.4810 9.4712 -0.4900 0.0941 -0.0343
17303.165 4.3867 0.4866 9.4900 -0.4920 0.1017 -0.0330
17303.208 4.3828 0.4873 9.5098 -0.4945 0.1087 -0.0317
17303.25 4.4063 0.4802 9.5227 -0.4989 0.1038 -0.0242
17303.311 4.4023 0.4692 9.5171 -0.5053 0.1104 -0.0277
17303.352 4.4014 0.4612 9.5261 -0.5035 0.1117 -0.0345
17303.411 4.4014 0.4668 9.5547 -0.4984 0.1077 -0.0408
17303.462 4.3965 0.4763 9.5540 -0.4952 0.1100 -0.0333
17303.503 4.3994 0.4751 9.5640 -0.4981 0.1232 -0.0373
17303.572 4.4004 0.4875 9.5623 -0.4997 0.1279 -0.0450
17303.615 4.4121 0.4893 9.5508 -0.5065 0.1216 -0.0428
17303.666 4.4209 0.4792 9.5559 -0.5128 0.1234 -0.0486
17303.709 4.4277 0.4741 9.5630 -0.5044 0.1213 -0.0416
17303.779 4.4395 0.4895 9.5603 -0.5002 0.1222 -0.0389
17303.822 4.4482 0.5137 9.5879 -0.4856 0.1211 -0.0380
17303.872 4.4551 0.5076 9.5920 -0.4766 0.1286 -0.0315
17303.925 4.4678 0.5073 9.6108 -0.4629 0.1237 -0.0249
17303.968 4.4648 0.5178 9.6443 -0.4649 0.1188 -0.0322
17304.018 4.4678 0.5234 9.6455 -0.4689 0.1302 -0.0352
17304.089 4.4854 0.5203 9.6487 -0.4657 0.1276 -0.0296
17304.119 4.4736 0.5190 9.6558 -0.4682 0.1261 -0.0240
17304.182 4.4805 0.5227 9.6580 -0.4717 0.1255 -0.0346
17304.227 4.4814 0.5410 9.6572 -0.4785 0.1259 -0.0233
17304.276 4.4932 0.5427 9.6448 -0.4891 0.1253 -0.0258
17304.329 4.4961 0.5347 9.6685 -0.4902 0.1294 -0.0307
17304.38 4.5000 0.5266 9.6853 -0.4889 0.1379 -0.0237
17304.434 4.5176 0.5186 9.7002 -0.4790 0.1387 -0.0267
17304.484 4.5264 0.5251 9.6936 -0.4734 0.1396 -0.0177
17304.535 4.5283 0.5317 9.7192 -0.4745 0.1328 -0.0250
17304.586 4.5332 0.5344 9.7283 -0.4708 0.1326 -0.0252
17304.637 4.5430 0.5234 9.7363 -0.4847 0.1344 -0.0167
17304.688 4.5313 0.5115 9.7424 -0.4887 0.1462 -0.0063
17304.739 4.5459 0.4937 9.7485 -0.4931 0.1418 0.0007
17304.788 4.5381 0.4983 9.7644 -0.4889 0.1384 -0.0013
17304.842 4.5381 0.4854 9.7813 -0.4867 0.1316 -0.0015
17304.892 4.5430 0.4919 9.7805 -0.5002 0.1281 -0.0102
17304.945 4.5615 0.4868 9.8110 -0.4922 0.1289 0.0031
17304.996 4.5586 0.4866 9.8240 -0.4971 0.1388 0.0063
17305.047 4.5723 0.4795 9.8242 -0.4872 0.1349 0.0138
17305.108 4.5771 0.4841 9.8313 -0.4892 0.1400 0.0065
17305.15 4.5830 0.4780 9.8560 -0.4870 0.1433 0.0025
17305.199 4.5869 0.4866 9.8494 -0.4857 0.1393 0.0053
17305.249 4.5869 0.4756 9.8672 -0.4839 0.1297 0.0052
17305.3 4.5645 0.4910 9.8577 -0.4850 0.1300 -0.0098
17305.35 4.5645 0.4907 9.8599 -0.4817 0.1385 -0.0032
17305.403 4.5674 0.4788 9.8650 -0.4804 0.1350 0.0091
17305.452 4.5635 0.4844 9.8535 -0.4863 0.1254 -0.0044
17305.503 4.5654 0.4841 9.8792 -0.4888 0.1257 -0.0122
17305.552 4.5586 0.4858 9.9009 -0.4918 0.1299 -0.0090
17305.603 4.5635 0.4749 9.9041 -0.4938 0.1283 -0.0043
17305.672 4.5723 0.4795 9.8926 -0.4954 0.1301 -0.0016
17305.713 4.5752 0.4714 9.9309 -0.5041 0.1295 -0.0012
17305.775 4.5684 0.4604 9.9741 -0.5109 0.1289 -0.0061
17305.814 4.5703 0.4573 9.9792 -0.5168 0.1231 -0.0163
17305.883 4.5820 0.4561 9.9707 -0.5136 0.1211 -0.0217
