time ax ay az
1 -0.0253 0.6364 -0.0129
2 -0.0173 0.6435 -0.0159
3 -0.0192 0.6386 -0.0186
4 -0.0187 0.6398 -0.0125
5 -0.0224 0.6415 -0.0164
6 -0.0231 0.6345 -0.0095
7 -0.0204 0.6389 -0.0125
8 -0.0217 0.6440 -0.0120
9 -0.0222 0.6413 -0.0154
10 -0.0217 0.6318 -0.0015
11 -0.0222 0.6376 -0.0095
12 -0.0239 0.6454 -0.0161
13 -0.0217 0.6398 -0.0122
14 -0.0212 0.6408 -0.0137
15 -0.0258 0.6396 -0.0107
16 -0.0190 0.6425 -0.0137
17 -0.0209 0.6413 -0.0132
18 -0.0258 0.6376 -0.0139
19 -0.0256 0.6506 -0.0073
20 -0.0214 0.6398 -0.0159
21 -0.0170 0.6374 -0.0149
22 -0.0214 0.6425 -0.0076
23 -0.0192 0.6425 -0.0093
24 -0.0185 0.6349 -0.0125
25 -0.0222 0.6447 -0.0193
26 -0.0261 0.6376 -0.0103
27 -0.0175 0.6406 -0.0110
28 -0.0207 0.6437 -0.0205
29 -0.0224 0.6447 -0.0208
30 -0.0214 0.6369 -0.0178
31 -0.0246 0.6415 -0.0120
32 -0.0182 0.6411 -0.0142
33 -0.0146 0.6315 -0.0022
34 -0.0209 0.6347 -0.0107
35 -0.0270 0.6403 -0.0234
36 -0.0187 0.6396 -0.0134
37 -0.0353 0.6611 -0.0583
38 -0.0768 0.7143 -0.0007
39 -0.0158 0.5842 -0.0193
40 0.0132 0.7473 0.0261
41 -0.0800 0.6313 0.0022
42 0.0377 0.5849 -0.4097
43 0.0447 0.5197 -0.1069
44 0.1138 0.5266 -0.0576
45 0.0960 0.6103 -0.1816
46 0.1636 0.5615 -0.0835
47 0.2357 0.5649 -0.0679
48 0.2388 0.5317 0.1667
49 0.4481 0.5312 0.1438
50 0.4439 0.4777 0.3401
51 0.6104 0.5864 0.2051
52 0.5054 0.5475 0.3215
53 0.7276 0.6000 0.3367
54 0.7747 0.6152 0.4106
55 0.8123 0.5761 0.5168
56 0.8152 0.5695 0.5906
57 0.9415 0.6035 0.6172
58 0.8287 0.6633 0.8103
59 0.9942 0.7807 0.6865
60 0.9083 0.5419 1.0549
61 1.0330 0.6725 1.0720
62 1.0037 0.4208 1.2556
63 0.9869 0.5187 1.1516
64 0.9827 0.4814 1.0388
65 0.9481 0.4606 1.0076
66 1.0140 0.5639 0.9749
67 1.0179 0.4968 0.9724
68 1.0262 0.5541 1.0186
69 1.0352 0.5737 1.0327
70 1.0296 0.4797 1.0310
71 1.0286 0.4697 1.0093
72 0.9686 0.4531 1.0122
73 1.0352 0.5295 0.9822
74 1.0247 0.5327 0.9473
75 1.0267 0.4543 0.9929
76 0.9991 0.5478 0.9448
77 1.0215 0.4760 0.9729
78 0.9815 0.4860 1.0012
79 0.9737 0.5109 1.0073
80 1.0025 0.4755 0.9617
81 1.0150 0.5239 0.9741
82 1.0003 0.4951 1.0049
83 1.0535 0.4792 0.9631
84 1.0311 0.5290 0.9717
85 1.0394 0.4655 0.9822
86 1.0201 0.4804 0.9775
87 1.0020 0.5158 0.9524
88 0.9981 0.4841 0.9609
89 1.0106 0.4824 0.9924
90 1.0062 0.5141 0.9626
91 0.9974 0.4982 0.9924
92 1.0150 0.4711 0.9937
93 1.0084 0.4995 0.9851
94 1.0008 0.4665 0.9846
95 1.0076 0.4885 0.9897
96 0.9986 0.4931 0.9722
97 1.0084 0.4992 0.9617
98 1.0193 0.4750 0.9905
99 1.0596 0.4501 1.0083
100 1.1011 0.4863 1.0923
101 1.0743 0.4787 1.0261
102 0.9937 0.4521 0.9583
103 0.8768 0.4907 0.9128
104 0.8829 0.5746 0.7708
105 0.7950 0.5314 0.7317
106 0.8128 0.5598 0.6692
107 0.8541 0.5126 0.5627
108 0.7244 0.4953 0.4629
109 0.6890 0.5453 0.3391
110 0.5460 0.4797 0.2927
111 0.5584 0.5847 0.1289
112 0.4278 0.5063 0.1838
113 0.4083 0.5641 0.1338
114 0.3111 0.5473 -0.0286
115 0.2066 0.5964 0.0544
116 0.1422 0.4536 0.0574
117 0.0850 0.6823 0.1428
118 0.1426 0.6516 -0.0681
119 0.0257 0.6049 -0.1147
120 0.1370 0.6411 -0.1008
121 -0.0046 0.6000 -0.1511
122 0.0093 0.5981 -0.0542
123 -0.0121 0.4360 -0.2068
124 -0.0056 0.5051 0.1770
125 0.0381 0.4311 0.0205
126 -0.0668 0.5532 -0.2278
127 -0.0903 0.6310 -0.1851
128 -0.0536 0.6257 0.0244
129 -0.0126 0.6015 -0.0098
130 -0.0407 0.6323 -0.0076
131 -0.2033 0.6337 -0.0845
132 -0.0178 0.6362 0.0034
133 -0.0378 0.6142 -0.0444
134 -0.0505 0.5886 -0.0200
135 0.0120 0.4902 0.0049
136 -0.0192 0.6064 -0.0178
137 -0.0266 0.6088 -0.0103
138 -0.0202 0.6066 -0.0154
139 -0.0217 0.6022 -0.0046
140 -0.0202 0.6035 -0.0144
141 -0.0222 0.6066 -0.0127
142 -0.0246 0.6017 -0.0151
143 -0.0192 0.6032 -0.0095
144 -0.0168 0.6066 -0.0103
145 -0.0229 0.6017 -0.0081
146 -0.0231 0.6057 -0.0066
147 -0.0246 0.6042 -0.0142
148 -0.0258 0.5995 -0.0107
149 -0.0170 0.6059 -0.0151
150 -0.0207 0.6059 -0.0142
151 -0.0224 0.6030 -0.0081
152 -0.0200 0.6025 -0.0171
153 -0.0253 0.6032 -0.0325
154 -0.0153 0.6054 -0.0022
155 -0.0163 0.6044 -0.0063
156 -0.0207 0.6201 -0.0073
157 -0.0214 0.5866 0.0613
158 -0.0202 0.6064 0.0034
159 -0.0305 0.6008 -0.0139
160 -0.0192 0.6020 0.0029
161 -0.0195 0.6039 -0.0088
162 -0.0248 0.6069 -0.0090
163 -0.0180 0.6039 -0.0159
164 -0.0224 0.6066 -0.0125
165 -0.0226 0.5993 -0.0164
166 -0.0173 0.6010 -0.0149
167 -0.0241 0.6071 -0.0168
168 -0.0246 0.6039 -0.0171
169 -0.0241 0.6042 -0.0225
170 -0.0222 0.6000 -0.0134
171 -0.0204 0.6027 -0.0059
172 -0.0190 0.6030 -0.0195
173 -0.0195 0.6017 -0.0115
