16937.075 -0.0020 -0.0107 0.0198 -0.0063 0.0066 0.0161
16937.124 0.0000 -0.0146 0.0464 -0.0160 0.0036 0.0203
16937.163 0.0039 0.0029 0.0378 -0.0166 0.0025 0.0278
16937.214 -0.0068 -0.0010 0.0273 -0.0162 0.0071 0.0305
16937.266 -0.0234 -0.0020 0.0227 -0.0144 0.0065 0.0261
16937.318 -0.0205 0.0098 0.0249 -0.0155 0.0012 0.0255
16937.369 -0.0186 0.0264 0.0398 -0.0189 -0.0042 0.0321
16937.41 -0.0078 0.0273 0.0303 -0.0138 -0.0039 0.0267
16937.461 0.0049 0.0059 0.0227 -0.0053 -0.0083 0.0227
16937.514 -0.0039 0.0068 0.0259 -0.0145 -0.0060 0.0236
16937.565 -0.0049 0.0234 0.0496 -0.0123 -0.0047 0.0254
16937.616 0.0020 0.0244 0.0625 -0.0014 0.0014 0.0181
16937.668 0.0068 0.0059 0.0872 0.0071 -0.0007 0.0280
16937.709 -0.0029 0.0195 0.0806 0.0079 -0.0041 0.0278
16937.775 -0.0117 0.0283 0.1013 0.0212 -0.0014 0.0363
16937.812 -0.0176 0.0195 0.1094 0.0229 -0.0053 0.0386
16937.859 -0.0176 0.0107 0.1145 0.0138 -0.0121 0.0346
16937.911 -0.0205 -0.0029 0.0991 0.0208 -0.0213 0.0226
16937.962 -0.0342 0.0078 0.1062 0.0269 -0.0229 0.0244
16938.013 -0.0098 0.0205 0.1094 0.0258 -0.0230 0.0247
16938.063 -0.0146 0.0244 0.1370 0.0333 -0.0341 0.0198
16938.111 -0.0156 0.0244 0.1284 0.0389 -0.0414 0.0269
16938.162 -0.0098 0.0342 0.1736 0.0374 -0.0463 0.0220
16938.215 -0.0020 0.0449 0.1621 0.0373 -0.0421 0.0290
16938.266 0.0059 0.0322 0.1653 0.0424 -0.0479 0.0298
16938.32 0.0195 0.0234 0.1978 0.0404 -0.0414 0.0383
16938.369 0.0195 0.0264 0.2166 0.0374 -0.0415 0.0353
16938.422 0.0098 0.0283 0.2207 0.0306 -0.0407 0.0371
16938.473 0.0137 0.0293 0.2522 0.0424 -0.0465 0.0351
16938.517 0.0107 0.0410 0.2271 0.0456 -0.0433 0.0387
16938.568 0.0098 0.0352 0.2458 0.0613 -0.0453 0.0486
16938.621 0.0078 0.0313 0.2383 0.0702 -0.0479 0.0509
16938.673 0.0176 0.0322 0.2512 0.0692 -0.0451 0.0517
16938.722 0.0107 0.0322 0.2749 0.0666 -0.0419 0.0635
16938.773 0.0322 0.0313 0.3142 0.0713 -0.0525 0.0672
16938.817 0.0254 0.0361 0.3145 0.0798 -0.0474 0.0662
16938.87 0.0322 0.0303 0.3206 0.0849 -0.0480 0.0608
16938.92 0.0293 0.0254 0.3501 0.0948 -0.0457 0.0587
16938.971 0.0381 0.0234 0.3728 0.1009 -0.0487 0.0591
16939.024 0.0498 0.0381 0.3809 0.1156 -0.0479 0.0623
16939.075 0.0508 0.0381 0.4006 0.1064 -0.0413 0.0584
16939.128 0.0508 0.0381 0.4321 0.1034 -0.0367 0.0649
16939.175 0.0479 0.0439 0.4480 0.1085 -0.0359 0.0662
16939.222 0.0410 0.0557 0.4600 0.1161 -0.0365 0.0709
16939.272 0.0371 0.0635 0.4846 0.1159 -0.0356 0.0794
16939.325 0.0342 0.0635 0.4897 0.1192 -0.0424 0.0773
16939.371 0.0479 0.0586 0.4880 0.1272 -0.0521 0.0829
16939.422 0.0361 0.0713 0.4873 0.1375 -0.0513 0.0804
16939.473 0.0313 0.0723 0.5032 0.1398 -0.0490 0.0808
16939.526 0.0293 0.0674 0.4985 0.1478 -0.0477 0.0792
16939.578 0.0381 0.0732 0.5183 0.1615 -0.0545 0.0872
16939.62 0.0352 0.0742 0.5332 0.1771 -0.0513 0.0837
16939.673 0.0381 0.0850 0.5686 0.1808 -0.0500 0.0779
16939.724 0.0283 0.0967 0.5923 0.1745 -0.0511 0.0778
16939.772 0.0254 0.0898 0.6208 0.1749 -0.0469 0.0819
16939.831 0.0234 0.0967 0.6406 0.1757 -0.0594 0.0742
16939.884 0.0264 0.1025 0.6682 0.1713 -0.0447 0.0717
16939.929 0.0195 0.1123 0.6577 0.1741 -0.0530 0.0749
16939.978 0.0186 0.1094 0.6951 0.1701 -0.0593 0.0671
16940.023 0.0195 0.1240 0.7129 0.1643 -0.0699 0.0589
16940.083 0.0254 0.1074 0.7288 0.1589 -0.0710 0.0521
16940.127 0.0400 0.1035 0.7183 0.1741 -0.0721 0.0467
16940.176 0.0322 0.1055 0.7712 0.1816 -0.0770 0.0418
16940.228 0.0244 0.0967 0.7529 0.1862 -0.0781 0.0465
16940.279 0.0264 0.1104 0.7678 0.1852 -0.0796 0.0554
16940.323 0.0166 0.1074 0.7651 0.1889 -0.0816 0.0524
16940.372 0.0176 0.1299 0.7722 0.1954 -0.0775 0.0542
16940.424 0.0264 0.1406 0.7871 0.1953 -0.0771 0.0464
16940.475 0.0156 0.1396 0.8108 0.1942 -0.0753 0.0468
16940.526 0.0107 0.1436 0.8062 0.2051 -0.0783 0.0386
16940.579 0.0049 0.1426 0.8171 0.2079 -0.0770 0.0356
16940.629 0.0088 0.1357 0.8047 0.1991 -0.0762 0.0383
16940.68 0.0059 0.1260 0.8049 0.2095 -0.0758 0.0306
16940.723 0.0127 0.1230 0.8149 0.2209 -0.0721 0.0343
16940.774 0.0078 0.1289 0.8259 0.2279 -0.0646 0.0370
16940.827 0.0146 0.1299 0.8408 0.2321 -0.0738 0.0464
16940.877 -0.0029 0.1367 0.8704 0.2367 -0.0668 0.0620
16940.928 0.0068 0.1172 0.8569 0.2333 -0.0674 0.0610
16940.981 0.0059 0.1162 0.8806 0.2403 -0.0670 0.0680
16941.03 0.0117 0.1211 0.8887 0.2526 -0.0643 0.0664
16941.083 0.0146 0.1250 0.9143 0.2616 -0.0682 0.0706
16941.128 0.0176 0.1211 0.9360 0.2629 -0.0712 0.0676
16941.179 0.0068 0.1182 0.9578 0.2675 -0.0675 0.0646
16941.23 0.0078 0.1143 0.9766 0.2693 -0.0681 0.0655
16941.283 0.0039 0.1250 0.9631 0.2687 -0.0792 0.0696
16941.332 0.0039 0.1318 0.9722 0.2686 -0.0794 0.0576
16941.386 0.0098 0.1387 1.0115 0.2728 -0.0728 0.0465
16941.435 0.0186 0.1436 0.9980 0.2688 -0.0810 0.0430
16941.484 0.0264 0.1406 1.0120 0.2683 -0.0764 0.0410
16941.53 0.0273 0.1367 1.0327 0.2677 -0.0789 0.0380
16941.581 0.0283 0.1436 1.0652 0.2795 -0.0971 0.0350
16941.631 0.0352 0.1484 1.0859 0.2889 -0.0939 0.0311
16941.682 0.0156 0.1504 1.0852 0.2883 -0.0921 0.0305
16941.734 0.0166 0.1475 1.0884 0.2882 -0.0966 0.0413
16941.785 0.0176 0.1436 1.1023 0.2962 -0.0962 0.0450
16941.838 0.0166 0.1465 1.1230 0.3013 -0.1006 0.0497
16941.887 0.0146 0.1396 1.1389 0.3060 -0.1041 0.0534
16941.931 0.0029 0.1406 1.1353 0.3154 -0.1023 0.0494
16941.983 -0.0059 0.1406 1.1208 0.3095 -0.1053 0.0378
16942.032 -0.0107 0.1436 1.1221 0.3104 -0.0930 0.0325
16942.083 -0.0195 0.1611 1.1438 0.3031 -0.0984 0.0333
16942.134 -0.0244 0.1602 1.1450 0.3111 -0.1076 0.0356
16942.185 -0.0449 0.1621 1.1443 0.3110 -0.1077 0.0335
16942.237 -0.0400 0.1553 1.1621 0.3180 -0.1121 0.0282
16942.289 -0.0283 0.1631 1.1897 0.3189 -0.1089 0.0175
16942.34 -0.0430 0.1543 1.1997 0.3278 -0.1081 0.0222
16942.39 -0.0283 0.1455 1.2380 0.3382 -0.1106 0.0359
16942.442 -0.0254 0.1631 1.2656 0.3457 -0.1117 0.0424
16942.493 -0.0254 0.1592 1.2756 0.3346 -0.1270 0.0457
16942.542 -0.0195 0.1543 1.2456 0.3436 -0.1224 0.0570
16942.595 -0.0146 0.1572 1.2605 0.3396 -0.1182 0.0721
16942.646 -0.0156 0.1553 1.2988 0.3314 -0.1269 0.0715
16942.697 -0.0078 0.1621 1.2756 0.3303 -0.1280 0.0728
16942.773 -0.0010 0.1689 1.3198 0.3088 -0.1167 0.0708
16942.791 -0.0088 0.1719 1.3376 0.3172 -0.1168 0.0783
16942.85 0.0029 0.1592 1.3320 0.3247 -0.1174 0.0849
16942.901 -0.0107 0.1611 1.3508 0.3284 -0.1171 0.0895
16942.971 -0.0264 0.1689 1.3511 0.3236 -0.1205 0.0837
16942.996 -0.0303 0.1895 1.3748 0.3273 -0.1254 0.0850
16943.065 -0.0361 0.1992 1.3818 0.3200 -0.1327 0.0887
16943.11 -0.0459 0.1963 1.3899 0.3151 -0.1242 0.0862
16943.159 -0.0537 0.2100 1.4048 0.3193 -0.1287 0.0846
16943.2 -0.0674 0.1973 1.4207 0.3211 -0.1326 0.0811
16943.271 -0.0752 0.1846 1.4365 0.3391 -0.1370 0.0829
16943.314 -0.0840 0.1816 1.4846 0.3380 -0.1390 0.0928
16943.363 -0.0771 0.1846 1.5054 0.3431 -0.1425 0.0979
16943.426 -0.0811 0.1973 1.4695 0.3363 -0.1422 0.0821
16943.471 -0.0889 0.1865 1.5273 0.3405 -0.1361 0.0920
16943.513 -0.0938 0.1953 1.4963 0.3581 -0.1295 0.0890
16943.582 -0.0791 0.2031 1.5190 0.3575 -0.1311 0.1003
16943.613 -0.0674 0.2080 1.5417 0.3755 -0.1274 0.1016
16943.677 -0.0576 0.2080 1.5498 0.3816 -0.1246 0.0905
16943.72 -0.0527 0.2158 1.5862 0.3881 -0.1338 0.0885
16943.771 -0.0400 0.2188 1.5894 0.3823 -0.1263 0.0936
16943.822 -0.0361 0.2148 1.6179 0.3807 -0.1264 0.0854
16943.871 -0.0381 0.2227 1.6113 0.3897 -0.1142 0.0843
16943.921 -0.0547 0.2305 1.6418 0.4024 -0.1205 0.0975
16943.991 -0.0596 0.2236 1.6606 0.4071 -0.1197 0.1012
16944.038 -0.0586 0.2344 1.6462 0.4027 -0.1222 0.0987
16944.083 -0.0547 0.2314 1.6416 0.4073 -0.1204 0.0972
16944.126 -0.0615 0.2354 1.6975 0.4039 -0.1200 0.1018
16944.196 -0.0547 0.2461 1.6587 0.4085 -0.1173 0.1055
16944.226 -0.0527 0.2393 1.7009 0.4008 -0.1117 0.1040
16944.293 -0.0479 0.2539 1.6289 0.3992 -0.1099 0.0952
16944.339 -0.0410 0.2471 1.6614 0.3953 -0.1124 0.0989
16944.38 -0.0283 0.2520 1.6597 0.3985 -0.1164 0.0940
16944.444 -0.0264 0.2627 1.6599 0.4075 -0.1165 0.0925
16944.488 -0.0293 0.2734 1.7002 0.4040 -0.1195 0.0947
16944.539 -0.0273 0.2744 1.7112 0.4082 -0.1177 0.0961
16944.588 -0.0361 0.2734 1.7378 0.4081 -0.1221 0.1017
16944.639 -0.0420 0.2686 1.7800 0.4108 -0.1227 0.1058
16944.688 -0.0420 0.2734 1.8115 0.4236 -0.1128 0.1109
16944.741 -0.0498 0.2832 1.8381 0.4187 -0.1039 0.1127
16944.791 -0.0557 0.2822 1.8364 0.4067 -0.0925 0.1188
16944.86 -0.0518 0.2852 1.8181 0.4099 -0.0908 0.1196
16944.907 -0.0469 0.2949 1.7979 0.4021 -0.0852 0.1176
16944.951 -0.0527 0.2764 1.8254 0.3930 -0.0891 0.1199
16945 -0.0742 0.2783 1.7563 0.4062 -0.0840 0.1121
16945.047 -0.0684 0.2744 1.7341 0.4118 -0.0941 0.1129
16945.115 -0.0625 0.2695 1.7705 0.4227 -0.0857 0.1157
16945.159 -0.0664 0.2793 1.7415 0.4359 -0.0796 0.1261
16945.205 -0.0771 0.2852 1.7720 0.4348 -0.0702 0.1307
16945.256 -0.0723 0.2832 1.7634 0.4371 -0.0622 0.1344
16945.306 -0.0713 0.2773 1.8154 0.4308 -0.0618 0.1338
16945.358 -0.0693 0.2764 1.7981 0.4197 -0.0581 0.1318
16945.407 -0.0654 0.2705 1.7944 0.4167 -0.0530 0.1312
16945.458 -0.0742 0.2598 1.8035 0.4147 -0.0603 0.1301
16945.509 -0.0791 0.2754 1.8047 0.4198 -0.0685 0.1204
16945.559 -0.0684 0.2666 1.8352 0.4216 -0.0620 0.1289
16945.63 -0.0732 0.2764 1.8335 0.4287 -0.0511 0.1388
16945.67 -0.0713 0.2842 1.8435 0.4305 -0.0417 0.1396
16945.713 -0.0625 0.2891 1.9209 0.4299 -0.0394 0.1438
16945.778 -0.0674 0.2939 1.9280 0.4383 -0.0419 0.1451
16945.814 -0.0752 0.2939 1.9585 0.4487 -0.0449 0.1416
16945.864 -0.0781 0.2813 1.9685 0.4448 -0.0484 0.1363
16945.93 -0.0762 0.2734 1.9648 0.4437 -0.0442 0.1314
16945.973 -0.0664 0.2715 1.9602 0.4345 -0.0486 0.1379
16946.024 -0.0713 0.2773 1.9653 0.4382 -0.0507 0.1406
16946.082 -0.0742 0.2715 1.9812 0.4481 -0.0513 0.1400
16946.126 -0.0537 0.2705 1.9912 0.4638 -0.0442 0.1457
16946.178 -0.0596 0.2715 1.9465 0.4651 -0.0467 0.1417
16946.231 -0.0635 0.2754 1.9448 0.4745 -0.0421 0.1478
16946.282 -0.0576 0.2705 1.9519 0.4706 -0.0312 0.1491
16946.336 -0.0488 0.2822 1.9570 0.4666 -0.0314 0.1537
16946.385 -0.0557 0.2881 1.9670 0.4737 -0.0320 0.1589
16946.436 -0.0615 0.2930 1.9556 0.4707 -0.0245 0.1592
16946.488 -0.0518 0.2920 1.9568 0.4668 -0.0131 0.1648
16946.537 -0.0400 0.2891 1.9814 0.4814 -0.0152 0.1609
16946.588 -0.0303 0.2871 2.0042 0.4808 -0.0210 0.1641
16946.639 -0.0371 0.2725 2.0122 0.4764 -0.0121 0.1654
16946.69 -0.0332 0.2666 2.0212 0.4653 -0.0046 0.1686
16946.741 -0.0459 0.2568 2.0088 0.4695 0.0015 0.1709
16946.792 -0.0400 0.2617 2.0002 0.4780 0.0009 0.1755
16946.841 -0.0420 0.2715 1.9956 0.4822 -0.0006 0.1792
16946.893 -0.0557 0.2725 2.0193 0.4811 0.0016 0.1758
16946.946 -0.0537 0.2764 2.0293 0.4853 0.0039 0.1737
16946.991 -0.0635 0.2900 2.0198 0.4823 0.0123 0.1707
16947.042 -0.0703 0.2891 2.0171 0.4850 0.0108 0.1673
16947.096 -0.0664 0.3008 2.0515 0.4916 0.0173 0.1652
16947.142 -0.0762 0.2910 2.0693 0.4972 0.0206 0.1832
16947.192 -0.0684 0.2881 2.0911 0.5109 0.0276 0.1722
16947.243 -0.0703 0.2881 2.1050 0.5137 0.0217 0.1758
16947.295 -0.0713 0.2744 2.1062 0.5136 0.0192 0.1795
16947.348 -0.0781 0.2686 2.1494 0.5235 0.0267 0.1818
16947.393 -0.0732 0.2705 2.1545 0.5281 0.0266 0.1760
16947.444 -0.0605 0.2715 2.1772 0.5237 0.0232 0.1720
16947.495 -0.0576 0.2686 2.1853 0.5236 0.0226 0.1719
16947.547 -0.0518 0.2617 2.2002 0.5340 0.0062 0.1751
16947.596 -0.0430 0.2568 2.1936 0.5362 0.0113 0.1716
16947.646 -0.0391 0.2451 2.1958 0.5409 0.0165 0.1753
16947.689 -0.0342 0.2500 2.1775 0.5446 0.0249 0.1824
16947.758 -0.0254 0.2520 2.1934 0.5459 0.0339 0.1904
16947.801 -0.0313 0.2432 2.2034 0.5491 0.0404 0.1964
16947.837 -0.0254 0.2344 2.2163 0.5590 0.0279 0.1925
16947.9 -0.0137 0.2441 2.2195 0.5599 0.0349 0.1900
16947.943 -0.0244 0.2578 2.2617 0.5607 0.0319 0.1946
16947.996 -0.0186 0.2617 2.2512 0.5654 0.0480 0.1921
16948.053 -0.0117 0.2656 2.2603 0.5681 0.0474 0.1915
16948.096 -0.0127 0.2695 2.2664 0.5637 0.0464 0.1881
16948.145 -0.0195 0.2783 2.2715 0.5722 0.0396 0.1884
16948.196 -0.0273 0.2715 2.2844 0.5835 0.0385 0.1973
16948.247 -0.0293 0.2725 2.2886 0.5777 0.0269 0.1853
16948.298 -0.0342 0.2744 2.2791 0.5852 0.0287 0.1771
16948.352 -0.0361 0.2715 2.2930 0.5822 0.0376 0.1741
16948.4 -0.0410 0.2715 2.2903 0.5845 0.0442 0.1668
16948.451 -0.0332 0.2559 2.2944 0.5829 0.0436 0.1800
16948.493 -0.0439 0.2666 2.2869 0.5833 0.0444 0.1775
16948.545 -0.0400 0.2656 2.2783 0.5827 0.0567 0.1841
16948.597 -0.0322 0.2617 2.2883 0.5907 0.0561 0.1887
16948.647 -0.0332 0.2666 2.3003 0.5844 0.0564 0.1915
16948.698 -0.0420 0.2734 2.3152 0.5842 0.0573 0.1956
16948.771 -0.0508 0.2793 2.3564 0.5774 0.0595 0.1993
16948.79 -0.0469 0.2705 2.3665 0.5807 0.0589 0.1992
16948.85 -0.0449 0.2813 2.3667 0.5844 0.0540 0.1895
16948.899 -0.0391 0.2891 2.3708 0.5924 0.0549 0.1928
16948.952 -0.0332 0.2793 2.3896 0.6027 0.0347 0.1907
16948.995 -0.0410 0.2871 2.3918 0.6026 0.0351 0.1949
16949.057 -0.0342 0.3018 2.4097 0.6173 0.0354 0.1900
16949.104 -0.0371 0.3047 2.4158 0.6210 0.0353 0.1851
16949.153 -0.0381 0.2998 2.4336 0.6342 0.0318 0.1802
16949.203 -0.0459 0.3115 2.4407 0.6375 0.0327 0.1839
16949.254 -0.0557 0.3135 2.4604 0.6517 0.0292 0.1924
16949.305 -0.0645 0.3096 2.4441 0.6487 0.0176 0.1989
16949.358 -0.0596 0.3086 2.4619 0.6495 0.0256 0.1988
16949.401 -0.0518 0.3184 2.4924 0.6508 0.0269 0.1963
16949.45 -0.0371 0.3145 2.4976 0.6517 0.0268 0.1976
16949.503 -0.0391 0.3076 2.5154 0.6549 0.0257 0.2027
16949.554 -0.0459 0.3164 2.5439 0.6553 0.0256 0.2035
16949.604 -0.0586 0.3164 2.5491 0.6690 0.0269 0.1996
16949.657 -0.0547 0.3086 2.5815 0.6670 0.0253 0.2105
16949.702 -0.0537 0.3164 2.5867 0.6711 0.0238 0.2103
16949.753 -0.0371 0.3066 2.6104 0.6672 0.0237 0.2126
16949.804 -0.0459 0.2930 2.6086 0.6871 0.0297 0.2129
16949.855 -0.0410 0.2871 2.6294 0.6922 0.0282 0.2147
16949.907 -0.0391 0.2861 2.6550 0.6936 0.0276 0.2199
16949.949 -0.0293 0.2871 2.6875 0.6973 0.0294 0.2207
16950.012 -0.0371 0.2998 2.6731 0.7005 0.0278 0.2253
16950.053 -0.0400 0.2939 2.6753 0.6889 0.0334 0.2257
16950.117 -0.0303 0.2949 2.6785 0.6912 0.0333 0.2332
16950.161 -0.0244 0.2959 2.6904 0.6935 0.0284 0.2293
16950.204 -0.0186 0.2920 2.6926 0.6991 0.0264 0.2368
16950.255 -0.0117 0.2900 2.7085 0.7080 0.0286 0.2428
16950.306 -0.0088 0.2910 2.7039 0.7079 0.0256 0.2351
16950.359 -0.0098 0.2861 2.7354 0.7111 0.0207 0.2517
16950.401 -0.0225 0.2852 2.7415 0.7182 0.0187 0.2415
16950.452 -0.0332 0.2705 2.7661 0.7200 0.0062 0.2533
16950.506 -0.0273 0.2891 2.6843 0.7303 0.0046 0.2456
16950.557 -0.0225 0.3066 2.7090 0.7336 0.0088 0.2435
16950.61 -0.0313 0.3174 2.7053 0.7334 0.0115 0.2339
16950.661 -0.0332 0.3105 2.7231 0.7338 0.0095 0.2457
16950.714 -0.0342 0.2949 2.7468 0.7375 0.0027 0.2479
16950.757 -0.0430 0.3027 2.7266 0.7441 0.0088 0.2469
16950.809 -0.0361 0.3096 2.7278 0.7540 0.0067 0.2429
16950.86 -0.0273 0.3037 2.7544 0.7539 0.0114 0.2409
16950.912 -0.0371 0.2988 2.7478 0.7509 0.0175 0.2393
16950.954 -0.0449 0.2998 2.7617 0.7436 0.0240 0.2406
16951.025 -0.0420 0.2998 2.7610 0.7483 0.0125 0.2348
16951.055 -0.0469 0.3018 2.7573 0.7486 0.0166 0.2342
16951.117 -0.0391 0.2813 2.7781 0.7480 0.0184 0.2388
16951.163 -0.0479 0.2803 2.7842 0.7484 0.0164 0.2435
16951.213 -0.0488 0.2832 2.7454 0.7492 0.0191 0.2247
16951.263 -0.0537 0.2813 2.7437 0.7377 0.0137 0.2356
16951.312 -0.0469 0.2832 2.7654 0.7309 0.0122 0.2422
16951.365 -0.0420 0.2861 2.7598 0.7431 0.0159 0.2487
16951.416 -0.0420 0.2852 2.7688 0.7550 0.0148 0.2476
16951.463 -0.0361 0.2852 2.7720 0.7539 0.0223 0.2570
16951.512 -0.0459 0.2891 2.7986 0.7514 0.0279 0.2579
16951.563 -0.0459 0.2861 2.8320 0.7641 0.0364 0.2582
16951.614 -0.0439 0.2813 2.8206 0.7597 0.0343 0.2624
16951.667 -0.0586 0.2842 2.8452 0.7520 0.0342 0.2623
16951.708 -0.0635 0.2832 2.8298 0.7566 0.0336 0.2664
16951.772 -0.0723 0.2754 2.8438 0.7508 0.0402 0.2616
16951.809 -0.0527 0.2930 2.8420 0.7597 0.0386 0.2538
16951.869 -0.0615 0.2959 2.8462 0.7625 0.0404 0.2584
16951.931 -0.0684 0.3047 2.8347 0.7719 0.0360 0.2497
16951.961 -0.0596 0.3047 2.8428 0.7790 0.0435 0.2606
16952.026 -0.0557 0.2900 2.8479 0.7755 0.0362 0.2562
16952.061 -0.0625 0.2852 2.8413 0.7701 0.0356 0.2613
16952.125 -0.0488 0.2764 2.8328 0.7681 0.0422 0.2573
16952.171 -0.0479 0.2686 2.8223 0.7604 0.0506 0.2649
16952.213 -0.0527 0.2783 2.8137 0.7631 0.0500 0.2595
16952.279 -0.0596 0.2852 2.8140 0.7740 0.0499 0.2589
16952.322 -0.0801 0.2930 2.8005 0.7801 0.0436 0.2506
16952.367 -0.0684 0.2871 2.8018 0.7814 0.0363 0.2520
16952.418 -0.0654 0.2744 2.8088 0.7884 0.0371 0.2413
16952.47 -0.0859 0.2715 2.8101 0.8040 0.0332 0.2474
16952.519 -0.0986 0.2686 2.8396 0.8082 0.0331 0.2440
16952.563 -0.0986 0.2734 2.8340 0.8076 0.0296 0.2419
16952.614 -0.0996 0.2676 2.8137 0.7960 0.0261 0.2509
16952.667 -0.1025 0.2715 2.8140 0.7888 0.0193 0.2503
16952.718 -0.1123 0.2568 2.8113 0.7748 0.0173 0.2511
16952.772 -0.1172 0.2510 2.7969 0.7738 0.0153 0.2457
16952.834 -0.1172 0.2588 2.7786 0.7646 0.0113 0.2470
16952.867 -0.1191 0.2578 2.7642 0.7721 0.0079 0.2469
16952.913 -0.1084 0.2617 2.7566 0.7806 0.0068 0.2535
16952.985 -0.1064 0.2578 2.7607 0.7919 0.0124 0.2514
16953.016 -0.1055 0.2549 2.7483 0.7985 -0.0020 0.2589
16953.082 -0.1064 0.2549 2.7349 0.8012 0.0017 0.2583
16953.125 -0.1113 0.2549 2.7166 0.7935 0.0039 0.2673
16953.17 -0.1182 0.2529 2.7188 0.7976 0.0071 0.2524
16953.221 -0.1045 0.2510 2.7034 0.8090 0.0080 0.2561
16953.274 -0.1104 0.2412 2.6831 0.8088 0.0159 0.2540
16953.325 -0.1006 0.2500 2.6833 0.8106 0.0211 0.2558
16953.377 -0.1182 0.2412 2.6836 0.8148 0.0081 0.2705
16953.442 -0.1152 0.2354 2.6926 0.8228 0.0065 0.2637
16953.471 -0.1143 0.2285 2.7036 0.8146 0.0078 0.2707
16953.534 -0.1221 0.2373 2.7195 0.8121 0.0110 0.2644
16953.577 -0.1338 0.2451 2.7275 0.8244 0.0176 0.2714
16953.627 -0.1240 0.2256 2.7229 0.8266 0.0122 0.2761
16953.678 -0.1094 0.2266 2.7251 0.8332 0.0202 0.2716
16953.73 -0.1045 0.2207 2.7283 0.8336 0.0187 0.2629
16953.771 -0.0977 0.2148 2.7529 0.8406 0.0147 0.2618
16953.835 -0.1133 0.2178 2.7551 0.8391 0.0046 0.2636
16953.878 -0.1045 0.2246 2.7915 0.8423 0.0092 0.2664
16953.929 -0.0957 0.2217 2.7781 0.8326 0.0201 0.2748
16953.982 -0.1016 0.2236 2.7979 0.8358 0.0094 0.2728
16954.023 -0.1113 0.2344 2.7805 0.8410 0.0117 0.2670
16954.085 -0.1094 0.2207 2.7856 0.8399 0.0016 0.2749
16954.129 -0.1143 0.2246 2.8035 0.8360 0.0148 0.2705
16954.177 -0.1035 0.2197 2.8262 0.8430 0.0180 0.2685
16954.231 -0.1045 0.2236 2.8362 0.8434 0.0141 0.2636
16954.282 -0.1143 0.2256 2.8667 0.8461 0.0077 0.2711
16954.335 -0.1133 0.2275 2.8835 0.8474 0.0029 0.2586
16954.385 -0.1045 0.2305 2.8916 0.8559 0.0046 0.2523
16954.429 -0.1191 0.2217 2.9006 0.8534 0.0036 0.2555
16954.48 -0.1123 0.2188 2.9204 0.8623 0.0006 0.2639
16954.532 -0.1152 0.2285 2.9050 0.8579 -0.0038 0.2719
16954.582 -0.1172 0.2256 2.9229 0.8426 -0.0068 0.2704
16954.635 -0.1123 0.2148 2.9153 0.8510 -0.0141 0.2764
16954.686 -0.1191 0.2119 2.9224 0.8452 -0.0142 0.2673
16954.739 -0.1172 0.2070 2.9333 0.8489 -0.0144 0.2695
16954.784 -0.1123 0.2100 2.9482 0.8483 -0.0159 0.2651
16954.844 -0.1055 0.2188 2.9231 0.8525 -0.0089 0.2483
16954.889 -0.1016 0.2080 2.9409 0.8643 -0.0185 0.2343
16954.954 -0.1064 0.2168 2.9490 0.8646 -0.0149 0.2361
16954.996 -0.1221 0.2119 2.9551 0.8755 -0.0069 0.2279
16955.039 -0.1152 0.2090 2.9768 0.8749 -0.0022 0.2359
16955.091 -0.1162 0.2246 2.9878 0.8643 -0.0004 0.2238
16955.142 -0.1006 0.2266 3.0115 0.8646 0.0023 0.2332
16955.215 -0.1006 0.2480 3.0459 0.8636 -0.0040 0.2374
16955.243 -0.1055 0.2510 3.0706 0.8616 -0.0041 0.2563
16955.304 -0.1172 0.2578 3.0942 0.8490 0.0029 0.2438
16955.348 -0.1123 0.2627 3.1052 0.8532 -0.0049 0.2442
16955.399 -0.0928 0.2764 3.1016 0.8569 -0.0007 0.2374
16955.453 -0.0918 0.2842 3.1194 0.8520 -0.0032 0.2411
16955.501 -0.0947 0.2764 3.1323 0.8624 -0.0129 0.2414
16955.555 -0.0947 0.2773 3.1550 0.8513 -0.0116 0.2356
16955.599 -0.0928 0.2705 3.1826 0.8579 -0.0079 0.2245
16955.65 -0.0986 0.2715 3.2161 0.8582 -0.0132 0.2220
16955.702 -0.0908 0.2607 3.2437 0.8691 -0.0139 0.2237
16955.755 -0.0967 0.2666 3.2517 0.8728 -0.0164 0.2313
16955.806 -0.1006 0.2539 3.2549 0.8751 -0.0203 0.2383
16955.857 -0.1055 0.2627 3.2600 0.8826 -0.0199 0.2458
16955.908 -0.1172 0.2617 3.2681 0.8848 -0.0210 0.2471
16955.959 -0.1270 0.2607 3.2800 0.8914 -0.0145 0.2537
16956.011 -0.1289 0.2617 3.2959 0.8961 -0.0208 0.2564
16956.058 -0.1182 0.2656 3.2942 0.8959 -0.0219 0.2496
16956.111 -0.1299 0.2666 3.3091 0.9011 -0.0282 0.2433
16956.163 -0.1309 0.2725 3.3474 0.8991 -0.0293 0.2336
16956.213 -0.1328 0.2764 3.3691 0.8980 -0.0275 0.2368
16956.263 -0.1396 0.2666 3.3704 0.8960 -0.0310 0.2434
16956.316 -0.1572 0.2646 3.3784 0.8963 -0.0373 0.2471
16956.368 -0.1787 0.2705 3.4031 0.9043 -0.0336 0.2503
16956.417 -0.1885 0.2559 3.4053 0.9133 -0.0413 0.2545
16956.468 -0.1855 0.2510 3.4338 0.9198 -0.0448 0.2481
16956.52 -0.1924 0.2471 3.4312 0.9154 -0.0459 0.2466
16956.589 -0.1729 0.2490 3.4646 0.9296 -0.0408 0.2383
16956.634 -0.1768 0.2402 3.4854 0.9219 -0.0423 0.2435
16956.675 -0.1758 0.2334 3.5002 0.9265 -0.0300 0.2400
16956.736 -0.1680 0.2344 3.5112 0.9278 -0.0216 0.2327
16956.777 -0.1621 0.2363 3.5222 0.9225 -0.0198 0.2378
16956.841 -0.1650 0.2354 3.5459 0.9209 -0.0285 0.2463
16956.884 -0.1650 0.2461 3.5276 0.9275 -0.0367 0.2395
16956.933 -0.1709 0.2500 3.5405 0.9355 -0.0392 0.2317
16957.006 -0.1719 0.2393 3.5574 0.9435 -0.0460 0.2388
16957.03 -0.1816 0.2402 3.5723 0.9553 -0.0471 0.2296
16957.095 -0.1846 0.2451 3.6213 0.9471 -0.0387 0.2328
16957.138 -0.1826 0.2461 3.6294 0.9498 -0.0354 0.2370
16957.189 -0.1738 0.2471 3.6443 0.9492 -0.0384 0.2383
16957.24 -0.1865 0.2539 3.6553 0.9548 -0.0376 0.2377
16957.309 -0.1924 0.2588 3.6526 0.9595 -0.0282 0.2328
16957.341 -0.2051 0.2578 3.6733 0.9541 -0.0254 0.2360
16957.407 -0.1992 0.2695 3.6960 0.9588 -0.0160 0.2392
16957.452 -0.2080 0.2637 3.6973 0.9682 -0.0104 0.2315
16957.497 -0.1992 0.2715 3.7083 0.9824 -0.0034 0.2428
16957.546 -0.2041 0.2861 3.7397 0.9794 -0.0002 0.2446
16957.597 -0.2051 0.2764 3.7498 0.9755 0.0078 0.2530
16957.648 -0.1924 0.2822 3.7715 0.9959 0.0206 0.2505
16957.701 -0.1924 0.2852 3.7766 0.9967 0.0200 0.2480
16957.771 -0.1943 0.2861 3.7896 0.9904 0.0055 0.2503
16957.796 -0.1875 0.2900 3.8083 0.9817 0.0035 0.2406
16957.855 -0.1846 0.2764 3.8457 0.9906 0.0024 0.2429
16957.907 -0.1982 0.2764 3.8762 1.0048 0.0123 0.2389
16957.951 -0.1924 0.2705 3.8960 1.0047 0.0136 0.2245
16958.001 -0.1885 0.2832 3.8855 1.0017 0.0235 0.2287
16958.05 -0.1816 0.2803 3.8887 1.0059 0.0277 0.2228
16958.113 -0.1982 0.2852 3.9182 1.0139 0.0156 0.2389
16958.157 -0.2002 0.2783 3.9507 1.0109 0.0126 0.2378
16958.205 -0.2012 0.2754 3.9656 1.0146 0.0140 0.2325
16958.256 -0.2129 0.2686 3.9609 1.0207 0.0014 0.2366
16958.326 -0.2217 0.2783 3.9661 1.0258 0.0018 0.2403
16958.371 -0.2295 0.2686 3.9731 1.0267 -0.0045 0.2359
16958.415 -0.2422 0.2598 3.9792 1.0213 -0.0071 0.2387
16958.463 -0.2422 0.2715 3.9971 1.0236 -0.0062 0.2457
16958.516 -0.2363 0.2842 4.0188 1.0268 -0.0111 0.2422
16958.567 -0.2256 0.2852 4.0181 1.0262 -0.0108 0.2483
16958.62 -0.2266 0.2852 4.0593 1.0261 -0.0013 0.2501
16958.671 -0.2217 0.2910 4.0811 1.0203 0.0057 0.2609
16958.722 -0.2197 0.2939 4.0862 1.0316 0.0089 0.2675
16958.773 -0.2305 0.2881 4.0913 1.0348 0.0164 0.2774
16958.824 -0.2373 0.2871 4.1228 1.0347 0.0225 0.2906
16958.875 -0.2373 0.2852 4.1240 1.0379 0.0238 0.2957
16958.928 -0.2432 0.2754 4.1389 1.0373 0.0208 0.2923
16958.979 -0.2422 0.2666 4.1372 1.0396 0.0212 0.2864
16959.032 -0.2402 0.2754 4.1619 1.0409 0.0187 0.2954
16959.081 -0.2451 0.2676 4.1611 1.0370 0.0228 0.2905
16959.13 -0.2617 0.2666 4.1877 1.0245 0.0179 0.2832
16959.183 -0.2559 0.2568 4.2202 1.0382 0.0183 0.2773
16959.237 -0.2432 0.2412 4.2419 1.0361 0.0263 0.2858
16959.287 -0.2432 0.2490 4.2393 1.0298 0.0357 0.2962
16959.333 -0.2480 0.2539 4.2581 1.0221 0.0337 0.2884
16959.385 -0.2549 0.2588 4.2671 1.0315 0.0350 0.2883
16959.437 -0.2617 0.2637 4.2742 1.0295 0.0363 0.2896
16959.488 -0.2754 0.2559 4.2842 1.0227 0.0319 0.2971
16959.541 -0.2881 0.2422 4.2961 1.0230 0.0360 0.3008
16959.59 -0.2861 0.2451 4.2866 1.0253 0.0431 0.2969
16959.642 -0.2871 0.2510 4.3103 1.0185 0.0386 0.2996
16959.695 -0.2842 0.2588 4.3350 1.0303 0.0318 0.3057
16959.746 -0.2783 0.2637 4.3733 1.0331 0.0436 0.3118
16959.799 -0.2744 0.2666 4.3716 1.0239 0.0435 0.3107
16959.85 -0.2764 0.2773 4.3933 1.0309 0.0319 0.3220
16959.896 -0.2822 0.2803 4.4092 1.0270 0.0347 0.3324
16959.945 -0.2764 0.2773 4.4231 1.0350 0.0398 0.3299
16959.997 -0.2764 0.2656 4.4341 1.0392 0.0402 0.3250
16960.053 -0.2813 0.2813 4.4128 1.0400 0.0462 0.3268
16960.094 -0.2803 0.2520 4.4180 1.0375 0.0347 0.3214
16960.166 -0.2910 0.2529 4.4104 1.0407 0.0431 0.3203
16960.21 -0.2852 0.2510 4.4312 1.0554 0.0387 0.3264
16960.261 -0.2861 0.2539 4.4539 1.0581 0.0362 0.3220
16960.312 -0.2881 0.2559 4.4863 1.0738 0.0337 0.3247
16960.362 -0.2959 0.2471 4.4856 1.0689 0.0436 0.3279
16960.412 -0.3037 0.2627 4.5024 1.0793 0.0296 0.3264
16960.461 -0.2939 0.2549 4.5066 1.0834 0.0238 0.3272
16960.512 -0.3096 0.2686 4.5283 1.0819 0.0275 0.3180
16960.563 -0.3281 0.2734 4.5774 1.0770 0.0335 0.3084
16960.634 -0.3330 0.2793 4.6079 1.0812 0.0310 0.3154
16960.66 -0.3398 0.2871 4.6404 1.0863 0.0376 0.3196
16960.725 -0.3379 0.2871 4.6494 1.0829 0.0332 0.3194
16960.778 -0.3408 0.2813 4.6614 1.0937 0.0340 0.3403
16960.821 -0.3398 0.2969 4.6440 1.0845 0.0367 0.3340
16960.873 -0.3398 0.3008 4.6335 1.0906 0.0314 0.3391
16960.927 -0.3408 0.2891 4.6416 1.0886 0.0279 0.3414
16960.979 -0.3486 0.2900 4.6350 1.0885 0.0349 0.3455
16961.022 -0.3516 0.2842 4.6694 1.0888 0.0320 0.3492
16961.073 -0.3496 0.2930 4.6882 1.0906 0.0328 0.3467
16961.125 -0.3555 0.2920 4.7275 1.0905 0.0226 0.3433
16961.174 -0.3545 0.2803 4.7161 1.0894 0.0273 0.3422
16961.247 -0.3662 0.2754 4.7280 1.0850 0.0248 0.3416
16961.278 -0.3740 0.2754 4.7400 1.0816 0.0251 0.3429
16961.342 -0.3848 0.2646 4.7266 1.0848 0.0245 0.3418
16961.387 -0.3867 0.2783 4.7395 1.0861 0.0201 0.3560
16961.435 -0.3965 0.2900 4.7720 1.0855 0.0138 0.3654
16961.488 -0.4082 0.2998 4.7654 1.0873 0.0079 0.3658
16961.537 -0.4189 0.2842 4.7568 1.0905 0.0092 0.3633
16961.588 -0.4209 0.2861 4.7864 1.0971 0.0067 0.3650
16961.637 -0.4336 0.2793 4.7896 1.0884 0.0090 0.3597
16961.688 -0.4248 0.2998 4.7947 1.0997 0.0136 0.3576
16961.739 -0.4229 0.3047 4.8105 1.0996 0.0102 0.3628
16961.792 -0.4053 0.3027 4.8127 1.1005 0.0177 0.3626
16961.863 -0.4023 0.2959 4.8218 1.1094 0.0147 0.3721
16961.889 -0.4141 0.2861 4.8542 1.1131 0.0217 0.3748
16961.952 -0.4170 0.2939 4.8799 1.1139 0.0149 0.3732
16961.995 -0.4229 0.2979 4.8655 1.1162 0.0148 0.3636
16962.069 -0.4248 0.3076 4.8687 1.1323 0.0109 0.3620
16962.1 -0.4268 0.3096 4.8777 1.1308 0.0174 0.3714
16962.166 -0.4297 0.3184 4.8916 1.1402 0.0259 0.3704
16962.203 -0.4307 0.3359 4.8918 1.1448 0.0262 0.3621
16962.265 -0.4346 0.3398 4.9194 1.1481 0.0180 0.3587
16962.309 -0.4404 0.3467 4.9226 1.1451 0.0184 0.3528
16962.36 -0.4307 0.3457 4.9189 1.1550 0.0182 0.3575
16962.413 -0.4229 0.3682 4.9368 1.1482 0.0238 0.3640
16962.476 -0.4268 0.3662 4.9868 1.1576 0.0223 0.3648
16962.507 -0.4365 0.3682 4.9841 1.1594 0.0341 0.3657
16962.569 -0.4307 0.3750 5.0020 1.1712 0.0397 0.3636
16962.614 -0.4385 0.3809 5.0100 1.1754 0.0377 0.3621
16962.665 -0.4355 0.3740 5.0483 1.1815 0.0385 0.3643
16962.715 -0.4385 0.3711 5.0652 1.1761 0.0422 0.3580
16962.765 -0.4463 0.3857 5.0830 1.1793 0.0421 0.3541
16962.815 -0.4551 0.3750 5.0969 1.1850 0.0257 0.3535
16962.868 -0.4492 0.3818 5.0923 1.1891 0.0175 0.3476
16962.921 -0.4541 0.3975 5.1033 1.1976 0.0221 0.3461
16962.97 -0.4443 0.3975 5.1250 1.1903 0.0106 0.3431
16963.023 -0.4463 0.4033 5.1467 1.1883 0.0109 0.3477
16963.074 -0.4600 0.3975 5.1646 1.1958 0.0103 0.3424
16963.127 -0.4639 0.4131 5.1833 1.1981 0.0150 0.3432
16963.179 -0.4570 0.4219 5.2041 1.2013 0.0177 0.3316
16963.23 -0.4561 0.4141 5.2112 1.2088 0.0004 0.3339
16963.28 -0.4609 0.4014 5.2251 1.2125 0.0112 0.3304
16963.332 -0.4658 0.3867 5.2439 1.2186 0.0116 0.3322
16963.383 -0.4629 0.3936 5.2627 1.2171 0.0134 0.3335
16963.435 -0.4619 0.4063 5.2512 1.2232 0.0171 0.3296
16963.484 -0.4609 0.4033 5.2378 1.2207 0.0122 0.3347
16963.536 -0.4600 0.3965 5.2292 1.2201 0.0159 0.3370
16963.588 -0.4482 0.4023 5.2627 1.2323 0.0134 0.3364
16963.64 -0.4375 0.3906 5.2737 1.2413 0.0027 0.3262
16963.691 -0.4346 0.3887 5.2651 1.2483 0.0012 0.3290
16963.754 -0.4375 0.3887 5.2371 1.2597 -0.0042 0.3331
16963.785 -0.4297 0.3750 5.2383 1.2796 -0.0091 0.3349
16963.843 -0.4365 0.3701 5.2561 1.2752 -0.0106 0.3467
16963.893 -0.4414 0.3682 5.2896 1.2894 -0.0074 0.3494
16963.946 -0.4414 0.3730 5.3250 1.2955 -0.0066 0.3455
16963.997 -0.4453 0.3848 5.3330 1.2901 -0.0148 0.3449
16964.047 -0.4414 0.3887 5.3362 1.2967 -0.0078 0.3562
16964.11 -0.4404 0.3906 5.3472 1.3051 -0.0060 0.3561
16964.156 -0.4521 0.3896 5.3376 1.3074 -0.0095 0.3560
16964.21 -0.4629 0.3906 5.3467 1.2973 -0.0120 0.3544
16964.254 -0.4590 0.3896 5.3684 1.2986 -0.0188 0.3553
16964.304 -0.4756 0.4014 5.3677 1.2985 -0.0222 0.3652
16964.357 -0.4951 0.3984 5.3699 1.3017 -0.0162 0.3622
16964.408 -0.4824 0.3838 5.3799 1.3178 -0.0196 0.3754
16964.459 -0.4814 0.3770 5.3743 1.3158 -0.0207 0.3758
16964.51 -0.4912 0.3760 5.3677 1.3209 -0.0175 0.3742
16964.563 -0.4951 0.3730 5.3611 1.3131 -0.0148 0.3641
16964.613 -0.4814 0.3633 5.3789 1.3259 -0.0168 0.3592
16964.665 -0.4814 0.3604 5.3918 1.3201 -0.0136 0.3533
16964.716 -0.4775 0.3584 5.3804 1.3214 -0.0151 0.3499
16964.767 -0.4688 0.3496 5.3894 1.3327 -0.0229 0.3588
16964.818 -0.4609 0.3438 5.3662 1.3259 -0.0216 0.3515
16964.869 -0.4746 0.3369 5.3889 1.3306 -0.0131 0.3538
16964.92 -0.4805 0.3252 5.3804 1.3357 -0.0156 0.3474
16964.97 -0.4863 0.3242 5.4021 1.3351 -0.0105 0.3364
16965.023 -0.4932 0.3174 5.4014 1.3407 -0.0030 0.3358
16965.074 -0.5039 0.3223 5.3899 1.3444 -0.0045 0.3328
16965.127 -0.5000 0.3252 5.3921 1.3400 -0.0009 0.3236
16965.177 -0.5098 0.3320 5.3943 1.3404 -0.0029 0.3225
16965.228 -0.4893 0.3457 5.3936 1.3422 -0.0001 0.3286
16965.278 -0.4990 0.3535 5.3840 1.3378 0.0012 0.3318
16965.33 -0.4922 0.3613 5.3931 1.3486 -0.0095 0.3293
16965.382 -0.4902 0.3604 5.3992 1.3461 -0.0072 0.3287
16965.435 -0.4785 0.3613 5.4053 1.3384 -0.0045 0.3371
16965.486 -0.4834 0.3486 5.4104 1.3421 0.0016 0.3499
16965.537 -0.4941 0.3564 5.3921 1.3453 -0.0042 0.3565
16965.588 -0.5039 0.3604 5.3728 1.3456 0.0023 0.3611
16965.642 -0.4990 0.3535 5.3584 1.3541 -0.0011 0.3562
16965.686 -0.4912 0.3496 5.3840 1.3583 0.0030 0.3699
16965.735 -0.4922 0.3379 5.4058 1.3596 0.0020 0.3760
16965.807 -0.5049 0.3350 5.3806 1.3619 -0.0068 0.3821
16965.836 -0.4902 0.3213 5.3789 1.3689 -0.0059 0.3762
16965.895 -0.4951 0.3213 5.3547 1.3812 -0.0170 0.3704
16965.944 -0.5088 0.3154 5.3511 1.3825 -0.0157 0.3765
16965.996 -0.5186 0.3066 5.3533 1.3843 -0.0154 0.3639
16966.053 -0.5234 0.3076 5.3545 1.3971 -0.0164 0.3714
16966.096 -0.5293 0.3018 5.3723 1.4022 -0.0204 0.3665
16966.15 -0.5146 0.3037 5.3931 1.4102 -0.0191 0.3674
16966.201 -0.5156 0.3096 5.3865 1.4211 -0.0249 0.3768
16966.252 -0.5127 0.3115 5.3711 1.4300 -0.0241 0.3748
16966.304 -0.5068 0.3096 5.3782 1.4289 -0.0333 0.3765
16966.375 -0.5273 0.3027 5.3677 1.4317 -0.0353 0.3683
16966.402 -0.5273 0.2939 5.3679 1.4258 -0.0326 0.3749
16966.469 -0.5088 0.2891 5.3779 1.4305 -0.0289 0.3790
16966.513 -0.5225 0.2988 5.3752 1.4251 -0.0319 0.3775
16966.562 -0.5098 0.2979 5.4058 1.4365 -0.0344 0.3759
16966.622 -0.5127 0.3096 5.4089 1.4426 -0.0226 0.3772
16966.665 -0.5215 0.3096 5.4229 1.4362 -0.0165 0.3785
16966.715 -0.5225 0.2900 5.4192 1.4471 -0.0247 0.3779
16966.774 -0.5205 0.2803 5.3979 1.4484 -0.0277 0.3783
16966.813 -0.5195 0.2861 5.3972 1.4574 -0.0202 0.3791
16966.863 -0.5234 0.2793 5.3887 1.4510 -0.0165 0.3871
16966.933 -0.5313 0.2773 5.3958 1.4528 -0.0147 0.3732
16966.978 -0.5361 0.2842 5.3589 1.4494 -0.0106 0.3778
16967.027 -0.5410 0.2861 5.3699 1.4645 -0.0174 0.3844
16967.07 -0.5449 0.3057 5.3721 1.4697 -0.0070 0.3838
16967.121 -0.5596 0.3154 5.3391 1.4767 -0.0152 0.3793
16967.172 -0.5615 0.3105 5.3511 1.4785 -0.0235 0.3835
16967.241 -0.5645 0.3105 5.3289 1.4831 -0.0245 0.3853
16967.272 -0.5645 0.3115 5.3555 1.4868 -0.0232 0.3880
16967.337 -0.5684 0.3008 5.3674 1.4953 -0.0281 0.3846
16967.384 -0.5684 0.3066 5.3647 1.4909 -0.0273 0.3916
16967.436 -0.5684 0.3037 5.3416 1.5018 -0.0293 0.3972
16967.5 -0.5791 0.3174 5.3369 1.4997 -0.0280 0.4076
16967.528 -0.5684 0.3252 5.3342 1.4977 -0.0343 0.4103
16967.593 -0.5732 0.3311 5.3237 1.4914 -0.0416 0.4111
16967.636 -0.5801 0.3223 5.3250 1.4846 -0.0313 0.4158
16967.689 -0.5898 0.3379 5.3271 1.4840 -0.0314 0.4099
16967.742 -0.5859 0.3428 5.3049 1.4896 -0.0334 0.4155
16967.792 -0.5879 0.3477 5.3110 1.5000 -0.0354 0.4092
16967.843 -0.5947 0.3574 5.2908 1.5037 -0.0360 0.4139
16967.896 -0.5967 0.3662 5.2939 1.5055 -0.0304 0.4209
16967.947 -0.5918 0.3740 5.2825 1.5116 -0.0310 0.4146
16967.998 -0.5869 0.3662 5.2817 1.5019 -0.0321 0.4030
16968.048 -0.5811 0.3750 5.2917 1.5214 -0.0241 0.4029
16968.111 -0.5723 0.3623 5.3242 1.5241 -0.0271 0.4099
16968.156 -0.5684 0.3447 5.3196 1.5273 -0.0263 0.4150
16968.201 -0.5693 0.3428 5.3452 1.5310 -0.0250 0.4125
16968.253 -0.5469 0.3506 5.3445 1.5223 -0.0251 0.4143
16968.303 -0.5469 0.3613 5.3369 1.5174 -0.0238 0.4151
16968.352 -0.5439 0.3633 5.3459 1.5187 -0.0187 0.4179
16968.405 -0.5352 0.3691 5.3364 1.5253 -0.0169 0.4158
16968.456 -0.5430 0.3818 5.3347 1.5285 -0.0141 0.4124
16968.509 -0.5352 0.3799 5.3174 1.5370 -0.0105 0.4089
16968.56 -0.5508 0.3799 5.2903 1.5355 -0.0034 0.4145
16968.611 -0.5518 0.3887 5.2944 1.5320 0.0003 0.4201
16968.663 -0.5508 0.3896 5.2966 1.5309 -0.0013 0.4209
16968.715 -0.5586 0.3906 5.3047 1.5284 -0.0062 0.4261
16968.766 -0.5625 0.3838 5.2971 1.5245 -0.0063 0.4226
16968.809 -0.5557 0.3877 5.3003 1.5268 -0.0045 0.4273
16968.878 -0.5498 0.3916 5.2966 1.5348 -0.0085 0.4271
16968.923 -0.5313 0.3896 5.2891 1.5294 -0.0052 0.4275
16968.967 -0.5361 0.3799 5.3225 1.5293 0.0037 0.4250
16969.018 -0.5400 0.3848 5.3208 1.5253 0.0021 0.4229
16969.069 -0.5391 0.3779 5.3152 1.5238 0.0039 0.4200
16969.122 -0.5322 0.3867 5.3047 1.5308 -0.0010 0.4213
16969.174 -0.5225 0.3887 5.2932 1.5269 -0.0121 0.4140
16969.225 -0.5186 0.3906 5.2983 1.5344 -0.0193 0.4143
16969.276 -0.5283 0.3955 5.3064 1.5505 -0.0199 0.4218
16969.327 -0.5156 0.3975 5.2939 1.5561 -0.0196 0.4260
16969.379 -0.5059 0.3936 5.2864 1.5574 -0.0226 0.4354
16969.428 -0.5205 0.3896 5.2788 1.5540 -0.0203 0.4401
16969.482 -0.5283 0.3916 5.2771 1.5505 -0.0171 0.4481
16969.531 -0.5332 0.4023 5.2773 1.5442 -0.0082 0.4394
16969.584 -0.5322 0.4199 5.2913 1.5546 -0.0016 0.4478
16969.636 -0.5420 0.4268 5.2896 1.5654 -0.0070 0.4472
16969.688 -0.5430 0.4229 5.2898 1.5701 0.0034 0.4418
16969.74 -0.5342 0.4111 5.2979 1.5795 0.0028 0.4403
16969.786 -0.5381 0.4102 5.2756 1.5942 -0.0016 0.4392
16969.846 -0.5254 0.4102 5.2710 1.5984 0.0006 0.4405
16969.888 -0.5303 0.4219 5.2429 1.6068 0.0072 0.4352
16969.951 -0.5244 0.4141 5.2539 1.6096 0.0085 0.4326
16969.992 -0.5273 0.4160 5.2561 1.6085 0.0055 0.4277
16970.049 -0.5381 0.4189 5.2632 1.6194 0.0030 0.4248
16970.093 -0.5273 0.4170 5.2400 1.6207 0.0000 0.4242
16970.143 -0.5371 0.4199 5.2471 1.6234 -0.0039 0.4197
16970.196 -0.5469 0.4092 5.2629 1.6262 -0.0036 0.4187
16970.247 -0.5498 0.4014 5.2446 1.6237 -0.0080 0.4209
16970.3 -0.5576 0.4014 5.2439 1.6331 -0.0086 0.4170
16970.351 -0.5596 0.4053 5.2529 1.6297 -0.0135 0.4293
16970.415 -0.5654 0.4141 5.2610 1.6362 -0.0174 0.4291
16970.459 -0.5684 0.4102 5.2524 1.6538 -0.0128 0.4290
16970.505 -0.5693 0.4092 5.2742 1.6608 -0.0024 0.4246
16970.554 -0.5684 0.4180 5.2734 1.6583 0.0042 0.4168
16970.604 -0.5596 0.4111 5.2971 1.6629 -0.0055 0.4148
16970.655 -0.5635 0.4004 5.2954 1.6695 0.0029 0.4171
16970.706 -0.5566 0.3857 5.2976 1.6751 0.0023 0.4093
16970.757 -0.5459 0.3965 5.2910 1.6755 -0.0011 0.4082
16970.81 -0.5508 0.3867 5.2834 1.6711 -0.0070 0.4124
16970.861 -0.5518 0.3779 5.2925 1.6738 -0.0095 0.4075
16970.904 -0.5381 0.3936 5.2800 1.6656 -0.0096 0.4021
16970.973 -0.5234 0.3828 5.2852 1.6679 -0.0059 0.3949
16971.015 -0.5264 0.3838 5.3127 1.6692 -0.0017 0.3952
16971.064 -0.5215 0.3975 5.3218 1.6733 -0.0124 0.4018
16971.116 -0.5264 0.3975 5.3152 1.6666 -0.0220 0.4174
16971.167 -0.5342 0.4023 5.3311 1.6784 -0.0221 0.4206
16971.218 -0.5264 0.4160 5.3342 1.6706 -0.0247 0.4181
16971.271 -0.5283 0.4180 5.3354 1.6648 -0.0162 0.4142
16971.319 -0.5215 0.4160 5.3162 1.6709 -0.0235 0.4121
16971.371 -0.5244 0.4316 5.3232 1.6703 -0.0322 0.4087
16971.422 -0.5166 0.4502 5.3264 1.6668 -0.0395 0.4171
16971.472 -0.5381 0.4492 5.3345 1.6777 -0.0401 0.4151
16971.521 -0.5352 0.4570 5.3289 1.6914 -0.0450 0.4193
16971.592 -0.5391 0.4502 5.3369 1.7003 -0.0408 0.4201
16971.622 -0.5391 0.4414 5.3411 1.7031 -0.0485 0.4228
16971.687 -0.5420 0.4375 5.3188 1.7020 -0.0487 0.4265
16971.729 -0.5488 0.4404 5.3328 1.7071 -0.0450 0.4254
16971.78 -0.5342 0.4336 5.3311 1.7042 -0.0370 0.4282
16971.833 -0.5332 0.4346 5.2971 1.6935 -0.0333 0.4338
16971.884 -0.5371 0.4346 5.3052 1.6915 -0.0387 0.4408
16971.937 -0.5469 0.4141 5.2878 1.6814 -0.0402 0.4354
16971.987 -0.5459 0.4121 5.3174 1.6784 -0.0375 0.4239
16972.038 -0.5547 0.4004 5.3147 1.6788 -0.0457 0.4333
16972.091 -0.5547 0.4063 5.3276 1.6744 -0.0478 0.4255
16972.154 -0.5586 0.4072 5.3357 1.6757 -0.0469 0.4297
16972.198 -0.5596 0.4170 5.3438 1.6708 -0.0385 0.4243
16972.244 -0.5547 0.4141 5.3274 1.6821 -0.0410 0.4299
16972.295 -0.5459 0.4229 5.3354 1.6911 -0.0440 0.4298
16972.348 -0.5488 0.4141 5.3357 1.6795 -0.0455 0.4321
16972.399 -0.5400 0.4043 5.3164 1.6808 -0.0471 0.4391
16972.45 -0.5400 0.4072 5.3176 1.6831 -0.0496 0.4461
16972.501 -0.5381 0.4180 5.3208 1.6949 -0.0526 0.4536
16972.555 -0.5479 0.4336 5.3181 1.6891 -0.0551 0.4597
16972.598 -0.5459 0.4385 5.3174 1.6904 -0.0514 0.4591
16972.647 -0.5479 0.4473 5.2981 1.6850 -0.0534 0.4642
16972.72 -0.5518 0.4346 5.3022 1.6844 -0.0535 0.4694
16972.756 -0.5479 0.4365 5.3171 1.6886 -0.0584 0.4688
16972.804 -0.5381 0.4277 5.3213 1.6856 -0.0690 0.4615
16972.855 -0.5430 0.4395 5.3157 1.6759 -0.0711 0.4528
16972.908 -0.5449 0.4346 5.3218 1.6849 -0.0769 0.4517
16972.959 -0.5439 0.4404 5.3210 1.6781 -0.0675 0.4501
16973.012 -0.5547 0.4414 5.3076 1.6823 -0.0552 0.4500
16973.063 -0.5596 0.4463 5.3303 1.6812 -0.0644 0.4504
16973.114 -0.5498 0.4395 5.3345 1.6840 -0.0617 0.4550
16973.163 -0.5488 0.4473 5.3318 1.6862 -0.0699 0.4487
16973.215 -0.5615 0.4551 5.3330 1.6999 -0.0638 0.4510
16973.266 -0.5537 0.4541 5.3430 1.7070 -0.0706 0.4566
16973.317 -0.5586 0.4570 5.3364 1.7093 -0.0698 0.4622
16973.37 -0.5566 0.4512 5.3445 1.7120 -0.0895 0.4563
16973.421 -0.5498 0.4531 5.3223 1.7119 -0.1001 0.4524
16973.473 -0.5576 0.4561 5.3342 1.7103 -0.1098 0.4532
16973.524 -0.5557 0.4502 5.3081 1.7155 -0.1142 0.4540
16973.576 -0.5742 0.4570 5.2869 1.7163 -0.1019 0.4697
16973.625 -0.5771 0.4443 5.2910 1.7214 -0.0977 0.4691
16973.676 -0.5654 0.4482 5.2737 1.7151 -0.1003 0.4627
16973.728 -0.5645 0.4424 5.2671 1.7150 -0.0961 0.4659
16973.778 -0.5557 0.4326 5.2576 1.7163 -0.0914 0.4734
16973.848 -0.5469 0.4336 5.2549 1.7176 -0.0978 0.4709
16973.893 -0.5488 0.4395 5.2639 1.7232 -0.0984 0.4780
16973.937 -0.5654 0.4482 5.2661 1.7265 -0.1052 0.4836
16973.981 -0.5596 0.4551 5.2722 1.7311 -0.1163 0.4825
16974.052 -0.5732 0.4365 5.2637 1.7334 -0.1164 0.4953
16974.095 -0.5703 0.4277 5.2708 1.7366 -0.1003 0.4975
16974.138 -0.5605 0.4229 5.2651 1.7332 -0.1052 0.4998
16974.19 -0.5557 0.4199 5.2527 1.7302 -0.1024 0.5001
16974.24 -0.5625 0.4160 5.2744 1.7272 -0.0964 0.4919
16974.292 -0.5664 0.4014 5.2737 1.7247 -0.0965 0.4961
16974.344 -0.5625 0.3984 5.2554 1.7351 -0.1014 0.4850
16974.393 -0.5625 0.4072 5.2429 1.7350 -0.0977 0.4872
16974.445 -0.5615 0.4131 5.2676 1.7339 -0.0978 0.5029
16974.495 -0.5703 0.4121 5.2542 1.7290 -0.1008 0.5089
16974.549 -0.5859 0.4111 5.2290 1.7246 -0.1114 0.5174
16974.6 -0.5830 0.4209 5.2283 1.7249 -0.1177 0.5163
16974.649 -0.5752 0.4082 5.2480 1.7248 -0.1150 0.5276
16974.7 -0.5732 0.3936 5.2542 1.7242 -0.1147 0.5194
16974.752 -0.5713 0.3936 5.2485 1.7289 -0.1176 0.5188
16974.803 -0.5811 0.4063 5.2644 1.7407 -0.1140 0.5263
16974.854 -0.5781 0.4248 5.2666 1.7425 -0.1064 0.5338
16974.907 -0.5771 0.4346 5.2717 1.7476 -0.1085 0.5361
16974.956 -0.5752 0.4385 5.2905 1.7466 -0.1210 0.5479
16975.008 -0.5840 0.4385 5.3025 1.7455 -0.1221 0.5440
16975.06 -0.5811 0.4316 5.2920 1.7444 -0.1222 0.5400
16975.113 -0.5889 0.4160 5.3049 1.7495 -0.1228 0.5504
16975.164 -0.5820 0.4023 5.2935 1.7523 -0.1215 0.5426
16975.215 -0.5703 0.4082 5.3025 1.7598 -0.1188 0.5349
16975.267 -0.5752 0.4072 5.2979 1.7583 -0.1184 0.5338
16975.316 -0.5889 0.4141 5.2786 1.7529 -0.1238 0.5442
16975.367 -0.6045 0.4131 5.3228 1.7523 -0.1249 0.5421
16975.42 -0.5996 0.4092 5.3113 1.7732 -0.1197 0.5377
16975.469 -0.5908 0.4023 5.2920 1.7774 -0.1189 0.5419
16975.52 -0.5928 0.3975 5.2932 1.7858 -0.1200 0.5360
16975.57 -0.5898 0.3994 5.3188 1.7943 -0.1244 0.5407
16975.64 -0.5967 0.3936 5.3074 1.7966 -0.1264 0.5429
16975.672 -0.6123 0.3936 5.2930 1.8117 -0.1237 0.5419
16975.739 -0.6074 0.3936 5.3000 1.8226 -0.1295 0.5389
16975.775 -0.5996 0.4063 5.2944 1.8201 -0.1278 0.5459
16975.832 -0.6045 0.4189 5.2761 1.8180 -0.1255 0.5515
16975.875 -0.5947 0.4102 5.2832 1.8213 -0.1199 0.5543
16975.935 -0.6064 0.4150 5.2883 1.8278 -0.1248 0.5427
16975.988 -0.5996 0.4141 5.2935 1.8253 -0.1244 0.5383
16976.037 -0.6055 0.4258 5.3142 1.8209 -0.1308 0.5453
16976.088 -0.6074 0.4307 5.3213 1.8198 -0.1380 0.5466
16976.139 -0.6182 0.4365 5.3118 1.8231 -0.1405 0.5546
16976.192 -0.6270 0.4336 5.3306 1.8253 -0.1440 0.5621
16976.242 -0.6494 0.4395 5.3562 1.8267 -0.1370 0.5577
16976.291 -0.6523 0.4395 5.3672 1.8380 -0.1404 0.5576
16976.342 -0.6563 0.4453 5.3586 1.8484 -0.1501 0.5541
16976.391 -0.6553 0.4512 5.3462 1.8516 -0.1536 0.5444
16976.456 -0.6504 0.4541 5.3875 1.8338 -0.1566 0.5481
16976.5 -0.6543 0.4492 5.3535 1.8270 -0.1495 0.5480
16976.55 -0.6611 0.4473 5.3860 1.8169 -0.1487 0.5460
16976.599 -0.6592 0.4443 5.3892 1.8077 -0.1455 0.5477
16976.653 -0.6563 0.4541 5.4060 1.8052 -0.1475 0.5500
16976.703 -0.6611 0.4648 5.4404 1.8018 -0.1448 0.5470
16976.753 -0.6738 0.4473 5.4495 1.7997 -0.1392 0.5421
16976.823 -0.6797 0.4600 5.4663 1.8044 -0.1317 0.5525
16976.847 -0.6816 0.4629 5.4734 1.8024 -0.1218 0.5605
16976.913 -0.6758 0.4678 5.4834 1.7970 -0.1166 0.5647
16976.956 -0.6777 0.4736 5.5002 1.8016 -0.1206 0.5669
16977.008 -0.6787 0.4688 5.5327 1.8106 -0.1207 0.5725
16977.059 -0.6826 0.4756 5.5261 1.8076 -0.1175 0.5724
16977.112 -0.6865 0.4648 5.5195 1.8194 -0.1229 0.5670
16977.161 -0.6836 0.4531 5.5491 1.8217 -0.1206 0.5621
16977.214 -0.6836 0.4707 5.5200 1.8178 -0.1198 0.5506
16977.265 -0.6846 0.4648 5.5828 1.8191 -0.1185 0.5509
16977.316 -0.6924 0.4736 5.5850 1.8266 -0.1148 0.5393
16977.366 -0.7012 0.4717 5.6223 1.8174 -0.1135 0.5468
16977.418 -0.7041 0.4824 5.6216 1.8187 -0.1141 0.5467
16977.468 -0.7109 0.4854 5.6453 1.8177 -0.1204 0.5571
16977.517 -0.7070 0.4902 5.6777 1.8094 -0.1215 0.5670
16977.568 -0.6924 0.4961 5.7161 1.8041 -0.1173 0.5745
16977.638 -0.6846 0.5000 5.7271 1.8130 -0.1241 0.5734
16977.681 -0.6865 0.4961 5.7156 1.8134 -0.1247 0.5847
16977.722 -0.6953 0.5107 5.7305 1.8185 -0.1239 0.5689
16977.787 -0.6846 0.5117 5.7180 1.8246 -0.1302 0.5549
16977.834 -0.6758 0.5313 5.7124 1.8259 -0.1246 0.5505
16977.877 -0.6816 0.5186 5.7312 1.8215 -0.1300 0.5599
16977.926 -0.6768 0.5098 5.7070 1.8295 -0.1220 0.5665
16977.979 -0.6826 0.5020 5.7522 1.8380 -0.1207 0.5711
16978.028 -0.6982 0.5205 5.7720 1.8421 -0.1241 0.5758
16978.08 -0.6953 0.5000 5.7830 1.8315 -0.1348 0.5871
16978.149 -0.6982 0.5039 5.7959 1.8338 -0.1225 0.5975
16978.191 -0.6973 0.5059 5.7874 1.8394 -0.1231 0.5926
16978.232 -0.6904 0.4990 5.8013 1.8450 -0.1213 0.5987
16978.297 -0.6885 0.4951 5.8113 1.8430 -0.1257 0.5961
16978.34 -0.6855 0.5049 5.8350 1.8472 -0.1301 0.5979
16978.393 -0.6865 0.5127 5.8557 1.8399 -0.1322 0.6011
16978.443 -0.6865 0.5176 5.8589 1.8369 -0.1485 0.6077
16978.493 -0.6855 0.5254 5.8777 1.8330 -0.1548 0.6119
16978.543 -0.6797 0.5371 5.8848 1.8367 -0.1597 0.6232
16978.615 -0.6826 0.5361 5.9006 1.8366 -0.1565 0.6193
16978.642 -0.6768 0.5361 5.9204 1.8312 -0.1681 0.6206
16978.707 -0.6719 0.5449 5.9460 1.8196 -0.1706 0.6219
16978.773 -0.6650 0.5439 5.9541 1.8162 -0.1760 0.6141
16978.796 -0.6699 0.5371 5.9543 1.8194 -0.1675 0.6087
16978.856 -0.6563 0.5449 5.9370 1.8360 -0.1671 0.5943
16978.904 -0.6602 0.5537 5.9490 1.8301 -0.1601 0.6037
16978.957 -0.6572 0.5508 5.9521 1.8396 -0.1650 0.6069
16979.007 -0.6738 0.5537 5.9612 1.8375 -0.1637 0.6059
16979.06 -0.6738 0.5576 5.9683 1.8465 -0.1643 0.6119
16979.112 -0.6670 0.5547 5.9783 1.8540 -0.1687 0.6123
16979.163 -0.6650 0.5459 6.0039 1.8572 -0.1698 0.6174
16979.215 -0.6602 0.5361 5.9983 1.8552 -0.1542 0.6125
16979.269 -0.6582 0.5400 5.9868 1.8556 -0.1514 0.6234
16979.311 -0.6611 0.5596 6.0017 1.8731 -0.1516 0.6166
16979.362 -0.6631 0.5732 6.0215 1.8606 -0.1569 0.6150
16979.413 -0.6611 0.5850 6.0403 1.8633 -0.1599 0.6130
16979.465 -0.6758 0.5889 6.0542 1.8623 -0.1710 0.6090
16979.535 -0.6699 0.5840 6.0457 1.8664 -0.1764 0.6103
16979.579 -0.6816 0.5840 6.0479 1.8711 -0.1713 0.6064
16979.623 -0.6748 0.5801 6.0813 1.8629 -0.1642 0.6077
16979.674 -0.6768 0.5820 6.0991 1.8699 -0.1553 0.6076
16979.725 -0.6777 0.5771 6.0955 1.8750 -0.1583 0.5927
16979.774 -0.6758 0.5771 6.1201 1.8983 -0.1575 0.5926
16979.827 -0.6768 0.5918 6.1360 1.8910 -0.1719 0.6034
16979.878 -0.6729 0.5938 6.1548 1.8899 -0.1811 0.6142
16979.928 -0.6709 0.5781 6.1560 1.8874 -0.1817 0.6089
16979.979 -0.6533 0.5732 6.1895 1.8954 -0.1909 0.6192
16980.03 -0.6426 0.5645 6.2141 1.9020 -0.1962 0.6282
16980.086 -0.6455 0.5508 6.2212 1.9172 -0.1959 0.6305
16980.135 -0.6533 0.5547 6.2507 1.9113 -0.1989 0.6284
16980.188 -0.6533 0.5576 6.2773 1.9050 -0.1971 0.6307
16980.238 -0.6475 0.5664 6.2922 1.9182 -0.2053 0.6282
16980.289 -0.6436 0.5762 6.3257 1.9219 -0.2126 0.6252
16980.341 -0.6484 0.5713 6.3435 1.9266 -0.2103 0.6394
16980.393 -0.6465 0.5684 6.3516 1.9293 -0.2148 0.6459
16980.446 -0.6406 0.5664 6.3479 1.9297 -0.2139 0.6563
16980.497 -0.6338 0.5674 6.3628 1.9305 -0.2131 0.6400
16980.543 -0.6416 0.5635 6.3884 1.9404 -0.2123 0.6298
16980.592 -0.6514 0.5449 6.4160 1.9465 -0.2052 0.6392
16980.643 -0.6533 0.5586 6.4417 1.9540 -0.2087 0.6506
16980.692 -0.6494 0.5596 6.4546 1.9515 -0.2088 0.6547
16980.765 -0.6621 0.5605 6.4832 1.9548 -0.2070 0.6517
16980.797 -0.6533 0.5488 6.5068 1.9451 -0.2033 0.6521
16980.86 -0.6436 0.5508 6.5012 1.9416 -0.2140 0.6477
16980.906 -0.6426 0.5527 6.5298 1.9391 -0.2184 0.6466
16980.957 -0.6494 0.5488 6.5291 1.9443 -0.2099 0.6450
16981.01 -0.6611 0.5518 6.5557 1.9465 -0.2077 0.6411
16981.059 -0.6621 0.5557 6.5803 1.9584 -0.2111 0.6505
16981.112 -0.6650 0.5654 6.5991 1.9492 -0.2265 0.6428
16981.164 -0.6699 0.5703 6.6082 1.9476 -0.2257 0.6379
16981.207 -0.6592 0.5840 6.6201 1.9513 -0.2282 0.6382
16981.258 -0.6484 0.5771 6.6331 1.9550 -0.2269 0.6457
16981.31 -0.6514 0.5801 6.6304 1.9535 -0.2237 0.6470
16981.361 -0.6494 0.5850 6.6189 1.9581 -0.2305 0.6507
16981.43 -0.6240 0.5928 6.6416 1.9599 -0.2382 0.6540
16981.476 -0.6348 0.5791 6.6594 1.9660 -0.2369 0.6448
16981.519 -0.6162 0.5820 6.6685 1.9678 -0.2299 0.6475
16981.572 -0.6123 0.5869 6.6794 1.9658 -0.2267 0.6459
16981.622 -0.6064 0.5762 6.7598 1.9676 -0.2311 0.6487
16981.673 -0.6025 0.5703 6.7834 1.9775 -0.2403 0.6490
16981.724 -0.6006 0.5625 6.7827 1.9816 -0.2356 0.6542
16981.774 -0.6006 0.5508 6.8113 1.9749 -0.2310 0.6536
16981.832 -0.5967 0.5508 6.8428 1.9647 -0.2206 0.6577
16981.876 -0.5986 0.5264 6.8518 1.9651 -0.2203 0.6495
16981.936 -0.6113 0.5332 6.8872 1.9678 -0.2180 0.6513
16981.982 -0.6113 0.5381 6.9099 1.9715 -0.2105 0.6440
16982.031 -0.6113 0.5625 6.9141 1.9867 -0.2149 0.6420
16982.083 -0.6104 0.5771 6.9319 2.0023 -0.2060 0.6442
16982.134 -0.5967 0.5615 6.9546 1.9988 -0.2128 0.6527
16982.183 -0.5938 0.5615 6.9412 2.0035 -0.2172 0.6578
16982.236 -0.5957 0.5625 6.9541 2.0086 -0.2192 0.6629
16982.285 -0.5771 0.5635 6.9788 2.0138 -0.2193 0.6590
16982.337 -0.5732 0.5537 7.0171 2.0132 -0.2214 0.6622
16982.388 -0.5830 0.5527 6.9998 2.0293 -0.2215 0.6640
16982.439 -0.5938 0.5498 7.0039 2.0330 -0.2126 0.6658
16982.49 -0.5889 0.5615 7.0002 2.0352 -0.2103 0.6709
16982.541 -0.5830 0.5596 7.0073 2.0323 -0.2195 0.6689
16982.593 -0.5898 0.5713 7.0212 2.0293 -0.2091 0.6683
16982.646 -0.5977 0.5742 7.0283 2.0282 -0.2092 0.6705
16982.697 -0.5986 0.5791 7.0159 2.0419 -0.2141 0.6747
16982.751 -0.5898 0.5742 7.0190 2.0428 -0.2009 0.6722
16982.802 -0.5801 0.5684 7.0349 2.0388 -0.1996 0.6759
16982.853 -0.5762 0.5635 7.0361 2.0421 -0.2092 0.6729
16982.904 -0.5859 0.5732 7.0364 2.0396 -0.2132 0.6699
16982.953 -0.5889 0.5781 7.0415 2.0409 -0.2152 0.6688
16983.006 -0.5781 0.5811 7.0437 2.0451 -0.2063 0.6687
16983.056 -0.5752 0.5908 7.0430 2.0473 -0.1978 0.6691
16983.105 -0.5645 0.5752 7.0247 2.0515 -0.1956 0.6651
16983.156 -0.5596 0.5771 7.0112 2.0361 -0.1938 0.6707
16983.207 -0.5635 0.5908 7.0076 2.0298 -0.1910 0.6654
16983.26 -0.5547 0.5898 7.0098 2.0335 -0.1778 0.6562
16983.31 -0.5732 0.5850 6.9788 2.0391 -0.1732 0.6651
16983.382 -0.5596 0.5801 6.9819 2.0457 -0.1690 0.6679
16983.412 -0.5479 0.5762 7.0037 2.0594 -0.1619 0.6663
16983.472 -0.5430 0.5986 7.0039 2.0679 -0.1640 0.6681
16983.513 -0.5400 0.5977 6.9973 2.0696 -0.1646 0.6494
16983.565 -0.5293 0.5996 7.0093 2.0681 -0.1604 0.6573
16983.616 -0.5361 0.6094 6.9832 2.0718 -0.1629 0.6644
16983.669 -0.5342 0.6064 6.9834 2.0664 -0.1521 0.6690
16983.72 -0.5420 0.6045 6.9749 2.0620 -0.1474 0.6846
16983.772 -0.5391 0.6025 6.9702 2.0710 -0.1528 0.6979
16983.825 -0.5215 0.6025 6.9646 2.0785 -0.1582 0.7025
16983.874 -0.5146 0.6104 6.9531 2.0784 -0.1564 0.6991
16983.925 -0.5166 0.6182 6.9270 2.0735 -0.1565 0.7037
16983.976 -0.5137 0.6221 6.9263 2.0805 -0.1557 0.7055
16984.029 -0.5225 0.6328 6.9373 2.0876 -0.1601 0.7264
16984.08 -0.5303 0.6348 6.9160 2.0927 -0.1535 0.7243
16984.131 -0.5361 0.6230 6.9075 2.0840 -0.1599 0.7123
16984.182 -0.5361 0.6182 6.9185 2.0739 -0.1609 0.7265
16984.231 -0.5303 0.6240 6.9099 2.0776 -0.1553 0.7144
16984.284 -0.5293 0.6221 6.9326 2.0841 -0.1545 0.7272
16984.333 -0.5264 0.6289 6.9250 2.1002 -0.1470 0.7213
16984.386 -0.5195 0.6279 6.9243 2.0915 -0.1395 0.7245
16984.438 -0.5244 0.6260 6.9392 2.0905 -0.1463 0.7177
16984.488 -0.5264 0.6270 6.9395 2.0984 -0.1354 0.7186
16984.537 -0.5459 0.6270 6.9309 2.1088 -0.1380 0.7151
16984.588 -0.5313 0.6182 6.9565 2.1092 -0.1457 0.7197
16984.64 -0.5342 0.6230 6.9626 2.1091 -0.1535 0.7191
16984.689 -0.5459 0.6318 6.9609 2.1008 -0.1541 0.7233
16984.773 -0.5439 0.6221 6.9612 2.0950 -0.1551 0.7261
16984.79 -0.5391 0.6113 6.9663 2.1020 -0.1586 0.7264
16984.848 -0.5342 0.6104 6.9802 2.1124 -0.1645 0.7344
16984.899 -0.5381 0.6113 6.9736 2.1028 -0.1593 0.7486
