1484328937,-0.0129,0.4556,-0.0107,-0.5188,1.3504,-0.5569
1484328937,-0.0241,0.4608,-0.0188,-0.7553,1.2894,-0.5493
1484328937,-0.0134,0.4556,-0.0161,-0.4883,1.4877,-0.6104
1484328937,-0.0165,0.4551,-0.0076,-0.4578,1.0986,-0.5112
1484328937,-0.0224,0.4559,-0.0156,-0.5188,1.3046,-0.6409
1484328937,-0.0148,0.4647,-0.0217,-0.8850,1.4343,-0.6409
1484328937,-0.0195,0.4620,-0.0190,-0.5188,1.3351,-0.4730
1484328937,-0.0212,0.4547,-0.0125,-0.5569,1.2283,-0.6485
1484328937,-0.0163,0.4603,-0.0151,-0.6027,1.3809,-0.6866
1484328937,-0.0190,0.4625,-0.0198,-0.4654,1.3199,-0.6485
1484328937,-0.0234,0.4603,-0.0063,-0.6714,1.2894,-0.5875
1484328937,-0.0180,0.4617,-0.0083,-0.4883,1.2894,-0.7095
1484328938,-0.0180,0.4537,-0.0105,-0.5035,1.3123,-0.7629
1484328938,-0.0180,0.4537,-0.0208,-0.6714,1.3123,-0.6790
1484328938,-0.0185,0.4593,-0.0227,-0.4196,1.2665,-0.7019
1484328938,-0.0204,0.4549,-0.0129,-0.6180,1.2665,-0.5798
1484328938,-0.0219,0.4554,-0.0151,-0.5798,1.3199,-0.6790
1484328938,-0.0197,0.4593,-0.0188,-0.7172,1.4343,-0.5646
1484328938,-0.0190,0.4622,-0.0195,-0.6638,1.2665,-0.6332
1484328938,-0.0197,0.4564,-0.0205,-0.5188,1.2665,-0.5798
1484328938,-0.0185,0.4620,-0.0222,-0.8163,1.4114,-0.5493
1484328938,-0.0234,0.4600,-0.0103,-0.3510,1.2512,-0.5188
1484328938,-0.0170,0.4561,-0.0142,-0.4425,1.2512,-0.6561
1484328938,-0.0153,0.4593,-0.0173,8.0795,1.2360,-0.7935
1484328938,-0.0234,0.4612,-0.0361,5.6763,1.6098,-6.8130
1484328938,-0.0182,0.4459,0.0120,-1.0910,1.3123,-0.6866
1484328938,-0.0226,0.4598,-0.0247,-0.3281,1.6022,-0.6714
1484328938,-0.0182,0.4603,-0.0168,-0.4196,1.3580,-0.5646
1484328938,-0.0976,0.1834,-0.0630,0.2670,2.4033,-14.4806
1484328938,-0.0029,0.6080,0.0393,-1.0757,1.9455,-6.2103
1484328938,-0.0143,0.4700,-0.0305,-1.1749,1.3275,-0.7095
1484328938,-0.0131,0.4271,0.0256,-1.0605,1.6632,1.4343
1484328938,-0.0258,0.4788,-0.0168,-0.5951,1.3962,7.8964
1484328938,0.1050,0.4549,-0.0293,-0.2975,4.0970,4.4708
1484328938,0.0714,0.5711,-0.0520,4.7989,17.4484,16.4719
1484328939,0.0843,0.3680,-0.1331,26.7334,64.0411,4.4632
1484328939,0.0289,0.3011,-0.1787,-37.3001,108.1543,-8.1482
1484328939,-0.0488,0.4813,-0.0901,31.5475,141.0446,-19.3100
1484328939,-0.0515,0.4590,-0.0027,31.3034,176.4526,3.3875
1484328939,0.2598,0.4725,-0.1309,3.2806,146.5683,-15.5182
1484328939,0.5513,0.6014,-0.1897,30.7236,171.7453,-6.2943
1484328939,0.4617,0.3255,0.1531,47.1878,175.0793,1.4038
1484328939,0.6304,0.2930,0.1853,10.8795,163.3148,-8.9417
1484328939,0.6702,0.3636,0.3865,-59.7076,165.1535,-44.2581
1484328939,0.8609,0.3651,0.5769,-32.5546,164.2532,-21.1105
1484328939,0.7466,0.4632,0.8210,-35.2478,157.9971,-15.3885
1484328939,0.9864,0.5723,0.8120,-4.6005,137.6343,14.1830
1484328939,0.9290,0.5928,0.8516,-14.9918,97.8317,18.5242
1484328939,0.7525,0.4915,0.9983,-14.7858,68.2831,17.3721
1484328939,1.0203,0.4940,1.0625,7.4387,55.4504,21.6980
1484328939,0.8699,0.4012,1.2068,0.5493,9.5367,11.8942
1484328939,0.8685,0.3514,1.2358,5.2261,-16.8457,10.1013
1484328939,0.9241,0.3633,1.0557,1.8311,-13.2980,2.5024
1484328939,0.9444,0.3533,0.9595,1.0376,11.1618,9.9106
1484328939,1.0154,0.3665,0.9014,4.0741,21.7056,8.1177
1484328939,1.0352,0.3694,0.9666,5.9357,20.1950,2.5482
1484328939,1.0257,0.3594,0.9932,3.1891,11.5280,7.1793
1484328940,1.0816,0.3738,1.0098,0.2441,-1.6556,6.7596
1484328940,1.0140,0.3697,1.0178,-2.9602,-10.0784,2.5101
1484328940,1.0103,0.3760,0.9937,-2.1439,-7.0419,-0.5722
1484328940,0.9910,0.3524,0.9851,2.0065,-0.1755,2.0065
1484328940,0.9879,0.3609,0.9858,-1.0605,6.6605,-3.7994
1484328940,1.0157,0.3763,0.9856,-1.5640,4.5090,0.9384
1484328940,1.0123,0.3394,0.9932,2.0142,-7.3013,-0.8469
1484328940,0.9984,0.3565,1.0007,2.2278,-23.3536,-3.2806
1484328940,0.9759,0.3257,1.0303,4.3869,-42.3965,-9.8038
1484328940,0.8736,0.2918,1.1252,-3.6163,-84.8617,-21.8124
1484328940,0.9036,0.3990,0.9731,16.1743,-106.6360,-32.0892
1484328940,0.9461,0.4683,0.8652,29.9225,-130.2032,-24.8108
1484328940,0.8770,0.4056,0.7712,11.3449,-153.2440,-31.3263
1484328940,0.8477,0.5909,0.5652,20.1950,-141.2659,2.9144
1484328940,0.8260,0.3731,0.5203,30.7312,-121.7956,22.4686
1484328940,0.6937,0.3587,0.5737,-7.4005,-126.8234,16.1057
1484328940,0.5567,0.5359,0.3320,-38.9328,-144.3253,7.3242
1484328940,0.6617,0.3987,0.0344,9.1553,-134.9792,-14.3356
1484328940,0.3936,0.4073,0.2864,23.8190,-187.1948,20.6146
1484328940,0.2637,0.4771,-0.1267,-5.5161,-133.4534,19.2032
1484328940,0.2291,0.2684,0.0017,-35.8810,-88.6230,-7.2556
1484328940,0.2554,0.3309,-0.3459,33.6533,-43.1061,15.8081
1484328941,0.1971,0.3143,-0.1538,-3.5553,-74.2493,16.3345
1484328941,0.0482,0.3768,-0.3042,-35.4385,-40.8249,-10.0555
1484328941,0.0289,0.5853,0.0098,166.9082,14.3127,22.3083
1484328941,-0.0510,0.1270,-0.3628,28.9001,-51.4374,-3.3798
1484328941,0.1546,0.3655,-0.2346,-87.2116,-6.5155,-7.8125
1484328941,-0.0034,0.3934,-0.1487,-82.4890,12.5809,-0.1907
1484328941,0.1556,0.3792,0.2749,5.2567,-44.0369,-3.9062
1484328941,0.0565,0.3106,-0.1450,2.3499,-96.3135,-22.5372
1484328941,-0.5998,-0.0695,-0.5779,-15.5258,3.6926,1.8463
1484328941,-0.0434,0.3284,-0.0374,-9.8190,1.5411,12.0621
1484328941,0.0648,0.4166,-0.0217,-6.9885,0.7248,3.5934
1484328941,-0.0109,0.4014,0.0251,4.5395,1.4267,-0.6714
1484328941,-0.0224,0.4207,-0.0171,0.1297,1.2360,-0.6790
1484328941,-0.0119,0.4129,-0.0105,-0.0839,1.2817,-0.6256
1484328941,-0.0153,0.4117,-0.0081,-0.8240,1.1826,-0.8163
1484328941,-0.0209,0.4156,-0.0151,-0.3281,1.2436,-0.6332
1484328941,-0.0121,0.4173,-0.0100,-0.6866,1.5259,-0.6943
1484328941,-0.0165,0.4119,-0.0254,-0.6256,1.2512,-0.5188
1484328941,-0.0209,0.4178,-0.0195,-0.7095,1.4801,-0.7782
1484328941,-0.0112,0.4153,-0.0037,-0.5951,1.2436,-0.6866
1484328941,-0.0121,0.4131,-0.0193,-0.5875,1.2512,-0.8545
1484328941,-0.0212,0.4153,-0.0171,-0.6561,1.3885,-0.4654
1484328941,-0.0156,0.4139,-0.0090,-0.6332,1.4496,-0.5722
1484328942,-0.0143,0.4127,-0.0178,-0.5035,1.5793,-0.5798
1484328942,-0.0175,0.4161,-0.0188,-0.5188,1.2207,-0.7095
1484328942,-0.0158,0.4171,-0.0081,-0.3662,1.3885,-0.6561
1484328942,-0.0126,0.4136,-0.0112,-0.5722,1.1215,-0.6027
1484328942,-0.0163,0.4175,-0.0120,-0.6332,1.3428,-0.5569
1484328942,-0.0165,0.4236,-0.0085,-0.1678,0.0229,-0.4807
1484328942,-0.0305,0.4158,0.2246,2.8229,0.0916,-0.7782
1484328942,-0.0356,0.3963,-0.0947,-1.0147,1.6098,-0.5798
1484328942,-0.0080,0.4276,-0.0464,-1.0757,1.4114,-0.4578
1484328942,-0.0239,0.4180,-0.0139,-0.7095,1.3046,-0.6943
1484328942,-0.0117,0.4166,-0.0310,-0.6790,1.3428,-0.4807
1484328942,0.0015,0.4183,-0.0171,-0.4578,1.3351,-0.7706
1484328942,-0.0204,0.4207,-0.0320,-0.3281,1.0757,-0.5188
1484328942,-0.0258,0.3968,-0.0247,-0.6332,1.4725,-0.7553
1484328942,-0.0060,0.4241,-0.0066,-0.8316,1.4572,-0.6332
1484328942,-0.0141,0.4141,-0.0149,-0.6485,1.0986,-0.7019
1484328942,-0.0173,0.4124,-0.0161,-0.6332,1.3351,-0.5188
1484328942,-0.0117,0.4109,-0.0049,-0.6866,1.3199,-0.6409
1484328942,-0.0161,0.4229,-0.0205,-0.6943,1.1902,-0.6714
1484328942,-0.0241,0.4083,-0.0176,-0.7095,1.3351,-0.7019
1484328942,-0.0175,0.4171,-0.0083,-0.8087,1.3504,-0.5188
1484328942,-0.0136,0.4175,-0.0112,-0.7172,1.4648,-0.5264
1484328943,-0.0185,0.4163,-0.0146,-0.4883,1.1978,-0.5646
